2.609943246542890255e-03, 1.038021251174582951e-03, -3.575044714017305662e-03, 2.831741116726873425e-04, -1.141056811102241463e-03, -3.436358211740479351e-03, -3.532621963378380220e-03, -4.592770248200907235e-03, 2.510598114728171577e-03, -6.370434491754298212e-04, 2.788328481027200351e-03, 4.675430136868104908e-03, 4.622711475828844910e-03, 8.808822733260817522e-04, -1.789649631560626640e-03, -1.805292548787518474e-03, -3.980343745451475623e-03, 9.756211036197242129e-04, 3.179182792431777330e-03, 4.867387851908815122e-03, -3.878053250595289974e-03, -5.540445626967841972e-04, 4.248287852844825907e-03, -2.192506243271804059e-03, 2.205370074908175049e-03, -4.992778830349934444e-04, 3.486179758387240868e-03, -7.142828993705017948e-04, -2.359108344865335893e-03, 1.830492110870584818e-03, -4.755021814815170098e-03, -3.342320624797266194e-03, 1.166294713786595813e-03, 9.390427810446900364e-04, -3.706143103540922648e-04, 4.689449359305977380e-03, -4.582002535912638869e-03, -3.560777098025223568e-03,  2.34109125088375e-01
-1.270252499266652253e-03, -2.239137770118848451e-03, 4.292259608995001655e-03, -2.417001786366463918e-03, 7.945245261579917534e-04, -2.229122560534263151e-04, 3.647511613226982197e-03, -4.614621100858327940e-03, 1.451211915111767607e-03, -4.803882648466402741e-03, -3.026901643861531176e-03, -3.820852025299059738e-03, 2.635917654766328604e-03, 3.071422814281946426e-03, 4.545391443429970882e-03, -2.712924836384150544e-03, -4.726241589123696824e-03, -3.391021249135229947e-03, 3.817887158930177022e-04, 3.473781658370001316e-03, 4.669383738452843186e-03, 3.383781805382355193e-03, -4.144587896098229397e-03, -2.087633802340367519e-03, -4.553772231589585384e-03, 4.967979036692634146e-03, -4.326007350403645105e-04, -4.034933287740699419e-03, -2.404375599649594131e-06, -2.543669659824917065e-04, 4.647694845755079643e-03, 4.106354715716088385e-03, 5.024410687275880291e-04, 4.835215389362232039e-03, -4.729599783508039827e-03, -4.937645975974844399e-03, -4.777888200502615479e-03, -6.098056516524877693e-04, -6.92712733441770e-01
3.927519985387440890e-03, 8.990908189019340691e-05, -3.846346179522801625e-03, -4.565816104948995993e-03, -3.073345423879821330e-03, 2.049204460816694481e-03, -1.496180274911012090e-04, -1.610952310562785254e-03, 4.352682321850202818e-03, 3.955891519883623572e-03, 4.444425167878060523e-03, 3.202903376691818363e-03, -4.779398836304797789e-03, 3.902741107362212372e-03, -2.054556040465400912e-03, 3.813153865929643643e-03, -4.856321999246559877e-03, -2.627445896388093480e-03, -1.740484097195702917e-03, -4.940298701285329372e-03, -4.795174660833428915e-03, -3.667824999348535432e-03, 4.218077862237238837e-03, 4.321049368133812046e-03, 4.054608121151166700e-03, -1.730990884518995767e-03, -4.884480353739427579e-03, -3.665344460512644578e-03, -4.653956282274392120e-03, -1.616549266040225117e-03, 9.074848832757607606e-04, 2.123676333365043592e-03, -1.390866708465268373e-03, -2.963685708638185649e-03, 9.822790605911544543e-04, -4.728719278215983389e-03, 1.051602437609667692e-03, 1.945292921929099410e-03,  5.02550690926962e-01
-4.713313942961952670e-03, -1.965589423742267194e-04, 3.341870661251607547e-03, 2.376596269881043645e-03, 7.010805654048849964e-04, 6.261565617871039241e-04, -3.191161367069266126e-03, -2.255163842398360836e-03, -4.801480849617452244e-03, 1.933127472240384580e-03, 1.199480589437610864e-03, 1.759943959478624947e-03, -1.273426196616097780e-03, -2.362084018462327125e-03, 4.025427152730347291e-03, 2.946778936430563892e-03, 3.819176822499345189e-03, 3.201957946261943869e-04, 2.242257952704351277e-03, 6.278506213982246523e-04, 7.025868061305163420e-04, 3.480242737980820261e-03, -4.376241357805447062e-03, 2.873455239954657292e-03, 1.498500671133573027e-03, -4.707748782881994790e-03, 1.615218329109954429e-03, 1.208914725956185092e-03, 1.529823700233422928e-03, -2.175961462062801343e-03, -1.193791567230702982e-03, -6.414290371373806282e-04, -4.388410598068462516e-03, 4.855893588448479195e-03, 1.385913338618153384e-04, 4.971625817806302194e-03, -1.382819113649283536e-03, 1.216896069924975829e-03, -5.45081900875019e-02
-2.391518845621459603e-03, -2.335414167040382460e-03, 4.616380046998450060e-03, 1.000810528616718521e-03, -2.208960248804013246e-03, -1.475464418759095658e-03, -9.976816159557545458e-04, 8.002023468053134914e-04, 2.698730760995131372e-03, -2.100295243595078857e-03, -2.587231556629974050e-03, 3.498995985356639568e-03, -3.288542301967734005e-03, 1.416775580134329790e-04, -4.222512269174838982e-03, -1.419793534535120517e-03, 1.980176267780118550e-03, -3.416928439680382880e-03, -4.972911833480167694e-03, 4.165570607076521381e-03, -3.203586303178209554e-03, 4.707416326525675279e-03, 4.448911418741024332e-03, -4.178360422020884271e-03, 4.926296616937048470e-03, -3.918638103748771188e-03, -2.285933697155148690e-03, -1.344443834474335839e-04, 2.236152282216041266e-03, 2.555882324463986700e-03, -1.973958774688565950e-03, 3.433093674577549978e-03, 2.695337669553426498e-03, 9.884192999042073005e-04, 1.616093410101191591e-03, 1.612996574393823525e-03, 2.601754388212889312e-03, -4.978609962569165159e-04, -3.60544688789945e-01
-4.888913202137116013e-03, 1.781511807373893815e-03, 3.562471881447228789e-03, 4.728183336480520915e-03, 4.781866316266154826e-03, 1.023795401499383306e-04, -4.952725354367450150e-03, -2.200428958016582229e-03, -2.442287708445462033e-03, -2.027663279524334530e-03, -4.396154517266039237e-03, -1.194025382798006435e-03, 2.972612787511576260e-04, -1.070411589959947493e-03, 4.067234174872995725e-03, -3.340750217321066494e-03, -4.536987350991198917e-03, -1.817406965545778023e-03, 4.538220822365164608e-03, -1.602653625695834444e-03, 1.328232864521682044e-05, -2.104923108622649801e-03, 2.612954884763706541e-03, 3.285427485835894570e-04, -6.078948950436272036e-05, -2.200254597803526745e-03, 1.464704184700779677e-03, 3.288229114799281344e-03, 1.569365523940966650e-03, 2.878029502006301810e-03, -1.497234095816484152e-03, 1.580118473041591289e-03, 2.814115808935774982e-03, -4.075819772060540989e-03, -2.373190606877198516e-03, -2.712635655694349210e-04, 1.931155007827334638e-03, -2.952469755240019495e-03, -3.79255413848939e-01
-4.095663355601258764e-03, 4.807587227409430147e-03, 4.410264708867810482e-03, 3.318334514751461115e-03, 4.880649086982095930e-03, 9.123897376208094795e-05, 1.256313365617722951e-03, 2.340240846663526122e-03, -2.046229571363852168e-03, 6.980765145044188352e-04, 4.751747845045152518e-03, 2.642709714027495146e-03, 3.988773130256056954e-03, 4.218679317486463687e-03, -1.547110779423752948e-03, -2.814949635556070195e-03, 1.040492534544920113e-03, 2.645812905087826725e-03, 2.971840280460586944e-03, 2.978332521243921491e-03, -1.821912975829961725e-03, 3.054859872772749951e-03, 5.524559600203725329e-04, -4.663453924350503821e-03, 3.329122584958578435e-04, 1.282883703711871180e-03, 3.145388147112246693e-03, 4.761730913843340018e-04, -3.362036061417896914e-03, -1.706544047865245130e-03, 4.593165644778568826e-03, -4.183046016790416440e-03, -3.959915819223613041e-03, -1.748143447667210772e-03, 1.085578130942124568e-03, 2.157887692416097375e-03, 3.632881316617582110e-03, 3.150544752547619620e-03, -1.64838873506263e-02
3.196549481446304616e-03, 2.612980269389724927e-03, 2.038521953066334789e-03, -2.042356729596598360e-03, -2.557134653331539446e-03, -4.005618273995796390e-03, 3.671130333292216621e-03, -7.525913892912836078e-04, -2.905220587332009441e-03, -3.419951917488955970e-03, -2.197511656165069844e-03, -2.979238490695648115e-03, 7.829958173653662340e-04, -9.435826010149393067e-04, -4.307273345507979349e-03, 1.714176653826537597e-03, 4.893820689273908897e-03, 2.632772482990689347e-04, 8.152062001551265910e-04, -3.918130277118896110e-03, 2.551820861284971077e-03, -3.947688167648922934e-03, -4.572472590934257425e-03, 1.644983938829445644e-03, -1.120928282004239607e-03, -4.828509057300160202e-03, 3.724516373141414233e-03, 2.608817528847679444e-03, -3.951327202135635625e-03, -6.589171142371589782e-04, 2.787247000681781529e-03, -1.229011201460517445e-03, -4.984531227445688530e-03, 9.516453674054447046e-04, 1.868226296885240958e-03, 1.386848735678666844e-03, -2.460184092757899694e-03, 2.782225278239755170e-03, -1.16231128902024e-01
-2.851872496434208065e-03, 3.131287314312525619e-03, 7.161291629041227277e-04, 9.951627235048800951e-04, -2.524971499767812190e-03, -8.685745411542433736e-04, 5.561264933301099389e-05, 2.629662745253674369e-03, -1.523261476093992501e-03, -5.644682156220708069e-04, 2.985015307067295787e-03, -3.053121132459641132e-03, 3.223618203325158069e-03, 1.204601886330138212e-03, 1.739037635227768525e-03, -1.146573895957454185e-03, 9.686524774265552890e-04, 2.120744374280064334e-03, -4.341331948739693934e-03, -3.280394571111451378e-03, -3.529537467216459223e-03, -7.657685694080849231e-04, 3.394910689065331819e-03, 4.933635493528838040e-03, 8.618234979862670828e-04, -2.774255115317051257e-03, 1.533863962498637108e-03, 6.392470973452281380e-04, 4.782201821881019652e-04, 1.416381729533836530e-03, -4.030718835028248778e-03, -3.757435630943703475e-03, -4.454122928724236000e-03, -1.934934987043746349e-03, 1.130370318167336560e-03, -1.040731088673209001e-03, 3.027877519521906396e-03, -2.183714380405893645e-03,  3.38606397125952e-01
3.297198964441673541e-03, -4.569211161713448294e-03, 2.717850520635124376e-04, -3.052406099020533656e-03, -3.642476741383035219e-03, 2.215351337254190672e-03, -2.167812637763932675e-03, -1.852739379573165816e-03, -3.814512653931860856e-03, 4.117807773349822786e-03, -4.575972202134832509e-03, 5.332342488488343857e-05, 4.878835631730219988e-03, 1.203117640713570816e-04, -1.896125617921043133e-03, 4.736222639234673876e-03, 2.663638173536064281e-03, -2.222105444187377678e-03, 3.035429956176486158e-03, -9.152348472877495228e-04, 3.446825390534261763e-03, -1.299524746208840630e-03, -2.126034621255428782e-03, 1.326617646660231860e-03, -1.264963055744132425e-04, 4.084782288341994722e-03, -2.897039273143800671e-03, 2.522027209141373960e-04, -3.684141757070631164e-03, 2.702212065972722788e-03, -2.070291614152261310e-03, -1.820790988503102805e-03, -1.632907764903325423e-03, 5.714281237317181406e-05, 6.567816957686462009e-04, -4.978197298779154373e-03, -4.224496679985773745e-03, -4.177790043163810869e-03, -4.38853473514759e-01
1.389757795557902686e-03, 1.530564145582414062e-04, -1.768003992274811125e-03, -3.230337154621725805e-03, -4.403942030291184591e-03, -4.352518118529202611e-03, -1.326914543381682750e-03, -4.236945814409106767e-04, 4.541726523580149125e-04, 4.187390515833548654e-03, 3.322661232187532412e-03, -4.599596047857209581e-03, -2.151294122664956527e-03, -3.007269446408743652e-03, -4.565216975279012476e-03, -4.308647291664816081e-03, -2.189386121849900592e-03, 1.978438118107207072e-04, -1.643539277457089273e-03, -3.957176032017112668e-03, 2.420675907055799998e-03, 1.560689844534515758e-04, 1.856485829635643771e-03, 3.844020666878651335e-03, -9.167080520181255035e-04, -9.483295149398090346e-04, 2.431137052034024540e-03, -6.812239191858098300e-04, -4.419287379948250855e-03, 4.411194765755370797e-03, 2.492199667835722984e-03, 3.142241590358533371e-03, -4.639554026499285999e-03, 4.516121352326993646e-03, -1.055672037024571464e-03, -3.274036232256520573e-03, -1.875331370232857005e-03, 3.027025244715391208e-03,  7.60368186787278e-01
-4.385386973238215511e-04, -2.140080281592170522e-03, -2.526289631025658081e-03, -3.094880911087628458e-03, -2.040984079647497392e-03, 2.261577456028461379e-03, -1.829818736420997082e-03, -1.006573471701898218e-04, -4.335727688572763201e-03, -4.413094415113805527e-03, -3.503100767435075868e-03, -5.067387706145145415e-05, -2.531960015967077253e-03, 2.105629452976469189e-03, 2.755186046884015513e-04, -2.440793800121449694e-03, 2.581849976335004807e-03, -3.192951682370569633e-03, 1.773940735201815985e-03, 8.915252455672139156e-04, 3.943781665692265570e-03, -2.036656296369124090e-03, -4.359884934233802800e-04, 2.072672350190078554e-03, 4.640397216304733771e-03, 4.802443852263586083e-03, -3.405704684947138787e-03, -2.877683123161884141e-04, 4.210617491383567348e-03, -5.880910797751662950e-04, -8.368268833650197372e-04, 2.450652091345679497e-03, 2.321890408750250726e-03, -3.699031537584169214e-03, 1.683312725293774001e-04, 1.677514635756922542e-03, 5.773552263254148886e-04, -3.014351921695821845e-03, -4.11429334152076e-01
-3.970819520146365647e-03, 4.253197699803066417e-03, 2.118980045746328943e-03, -3.000377299590815082e-03, -3.599823793777439003e-03, 1.780383982942415795e-03, -1.906923696852143735e-03, 2.765233291940328436e-03, 3.593835530310155249e-03, -2.759970824662201852e-03, 2.891463285437628761e-03, -1.530647098522556430e-03, -6.103352703017220215e-04, -3.375081030395256886e-03, -1.848733546801599199e-03, 3.919032284478349976e-03, -3.468911181513874113e-03, -4.547944926657694099e-03, -4.741181787508015957e-03, 2.059595412229328799e-03, -2.554049148610910112e-03, -1.046002301134629255e-03, 1.702875908052088778e-03, -2.778608626764027083e-03, 4.324675218706957106e-03, 1.429247472805456054e-05, -1.899507153167315568e-04, -1.893607570865891293e-04, 2.716014581176876691e-03, -3.060238381042893266e-03, 4.870768876851833476e-03, 1.040607562919740152e-03, 8.706984811671812305e-04, 3.894557416214923518e-03, -2.706070421987201349e-03, -2.016123841592269272e-03, 2.235609724582386659e-03, -1.074530068273583591e-03,  5.90657557554992e-01
3.137243513011034324e-03, -1.897636309644709467e-03, -8.011190160147133033e-04, -4.429868530095917682e-03, 2.642688727969150914e-03, 1.218651955931796677e-03, 6.766769913492485383e-04, -2.567312904867252287e-03, -4.530426351654998247e-03, -4.865944570790150039e-03, -2.389800068193156934e-04, 1.434125223403593871e-03, 9.400855996276446386e-04, -1.605837206815425178e-03, -2.196883238690124692e-03, 8.109426384153156642e-04, -2.143833194626470692e-03, -1.608984244995502553e-03, 6.721943639367324030e-04, -3.449917248625408717e-04, -1.431273799213064052e-03, -3.882257389286590879e-03, -1.942252421960446399e-03, -9.843071588878970005e-04, -1.917376812762386622e-03, 4.052917115363525655e-03, -3.518277783204924736e-03, 2.759073927937038748e-03, -1.788865389364058950e-03, 3.655169476324401576e-04, -4.065223187866276108e-04, -1.201039005985557202e-03, 3.865731316241811238e-03, -4.761551714590105122e-03, 4.967266521545785421e-03, -3.067796445620966581e-03, -1.412379312359712379e-03, -9.700484341733572533e-04, -8.59916572189723e-02
-3.460205182917539674e-05, 4.116554950548766134e-03, -4.185725898114053996e-03, 3.108995209240805052e-03, 3.593731293734454477e-03, -4.197674574744751988e-03, 3.125813550386467160e-03, 3.240597349083308709e-03, -3.314481396178032419e-03, 3.896786370416842338e-04, 1.991401842303122498e-03, -4.170463064059788845e-03, -2.955615207344725135e-03, -9.671380381235678697e-04, 3.235872809670478981e-03, -1.027419752535242356e-03, 1.589051844734486532e-03, 3.944949359996601651e-05, 3.394249937287711211e-03, 1.554825874039396545e-03, -4.903295560182060683e-03, 4.119981035484570134e-03, 4.658552254981844498e-03, -4.842109150429411805e-03, -2.277696461638016937e-03, 3.155344257195855789e-03, 3.751243920290048620e-04, 3.843688110986105341e-03, -2.048262236028874309e-03, -6.382608889764201238e-04, -4.741604774577148906e-03, -4.853714711275291561e-03, -1.799343081287476439e-03, -1.030861813971373914e-03, 3.295803778928430364e-03, -3.939926387289289025e-03, -2.210072636349488719e-03, 4.415504034016566257e-03, -1.69304891887796e-01
-2.933513755000598071e-03, -4.031065260504755263e-03, 1.703329372622059898e-03, -8.248576655576610878e-04, -3.197078390796927270e-03, -1.281217292733250260e-04, -4.317330187745877304e-03, 4.891251417970378032e-03, -4.454410136381276725e-03, -1.268108106405640804e-03, 1.350464115124488072e-03, -2.375281464867411412e-03, -4.639743464317243500e-03, 1.167058805871981457e-03, 3.819950034755881241e-03, 3.161314569723057064e-03, -3.517420410181960715e-03, -2.064937083588178676e-03, 4.167325172683467721e-03, -1.370458346011079343e-03, -6.662888345563468956e-04, 2.320343986120633820e-04, 2.174259328286907642e-03, 4.857970458966579669e-03, 4.472945525852110860e-04, 1.314530224265459020e-03, -1.450011789417534128e-03, 3.904947028319984137e-03, -1.104510164991821374e-03, 2.090099015285590278e-03, 3.767711730232431791e-03, -3.716835335343946986e-03, -1.807694303645281109e-03, 2.031892257598790809e-03, -2.052491190818959629e-03, 4.648400952223940771e-03, 2.811049943715848883e-03, -1.134325065124926549e-04, -6.89037081061042e-02
-1.495399676604203341e-03, 4.412494433276481845e-03, -1.307113755625255013e-03, 4.873891045106684000e-03, 4.374676852811539354e-03, 4.487305315953359422e-03, 4.359669727267848419e-04, 2.439106805746972528e-03, -2.808300543233191188e-03, -2.903987024139699155e-03, -3.214468556367628890e-03, -4.388651877607263260e-03, 3.323829175626494617e-03, 4.837248639196064723e-03, -2.004346523445016664e-03, 3.496634187146595296e-03, -4.647357890613570269e-05, 2.822547229356328971e-03, 1.941374113121766345e-04, -9.869511766494448723e-04, -4.963164661224217684e-03, -4.830174764372044405e-04, -4.489863519634425953e-03, 2.131031488332976731e-03, 2.044883206593021280e-05, -2.892223448299710044e-03, 4.256798528155849790e-03, -1.512475852528155380e-03, -3.328283571245980229e-03, -3.729805371840428339e-03, 2.919262588266895858e-03, -4.706347143252066940e-03, 4.715987964000006166e-03, 1.689415815750864962e-03, -4.393419482635512255e-03, -2.417089731228522047e-03, -3.344425660129377205e-03, 9.841821493808853780e-04, -2.03262519073648e-01
-3.374716046587374410e-03, -1.569086104406865016e-03, -4.680628755804930839e-03, 4.042306462526972302e-03, 2.909415688705922418e-03, 8.541787907667963697e-04, -2.474835122903898746e-03, -2.458824347066620314e-03, 4.656665415213128573e-03, -4.202908390207602332e-04, 2.250446621655499344e-03, -1.280270710565594230e-03, 4.482297809857307622e-03, 2.126851468306286894e-03, -4.596761345550523514e-03, 1.951642527262549554e-03, 3.377467578400655812e-03, 2.466012653433227730e-03, 4.503668550329990514e-03, -4.326602691248287481e-03, 1.073064551045323396e-03, 1.585388989762901053e-03, -5.096761363446548898e-04, -2.847953558023972806e-03, -3.164806975305408960e-03, 6.272881620010854406e-04, -3.073634848650117629e-03, 2.504544568931555554e-03, 9.573221850775817665e-05, 3.885912510696584027e-03, -2.023905813241991865e-03, -1.962309418499937150e-03, -1.317354613825641105e-04, -2.185850901572056193e-03, 4.684471173285584614e-03, 3.784038477083069216e-03, 1.917772513923700350e-03, -8.656417233754631554e-04, -1.47773644460163e-01
-4.354855453200988380e-03, 2.580614175755033095e-03, 1.993984279321571809e-03, -2.534610496938435355e-03, -1.337950755281639825e-03, -5.362045067163678444e-04, 7.851394136147698405e-04, 4.562218368970321139e-03, 1.641596828650962459e-03, -3.250365355094968038e-03, 2.772855656549118308e-03, 9.997432225117720145e-05, -4.618156676402885089e-04, 2.494949065144376650e-03, 3.190198717680349169e-03, -2.856547478564969850e-03, 2.925081919031641969e-03, -2.799617624633425183e-03, -2.284012333375884385e-04, 2.164488615546767206e-03, 1.679660266786143878e-03, 1.671089538006328458e-03, -3.624427557075088693e-03, 2.496020900188593641e-03, -2.258941778506932951e-04, 1.574740323078835207e-03, 4.037999466567694651e-03, 1.650634689983439089e-03, 1.107947768775508282e-03, -2.603900785887972458e-03, -3.617330470767933515e-04, -8.313705239573069075e-04, 4.834388112150067238e-04, -4.955700326946740897e-03, 2.953253552688177644e-03, 2.107547852044083271e-03, -5.767953229461201051e-04, 2.764132448580341149e-03, -7.49681111064001e-03
-6.198325615328331012e-05, -1.300295272180787814e-03, -4.742675793559112535e-03, 8.162444906351998264e-04, 3.721604725045568607e-03, -4.048841737806343002e-04, -3.029088668663905155e-03, -2.414145932174507642e-03, 3.745633564252951603e-03, -4.728870093364447719e-03, -4.834929152130456632e-03, -4.331471660394979085e-03, 6.524831245742932981e-04, -2.970154667038389824e-03, 1.925009300624946906e-03, 4.281647745238825048e-03, 3.227003239736929083e-03, 3.900647902988644070e-04, 7.213349841577038069e-04, -1.627536202705863553e-03, 1.316992446230162532e-03, -3.187093919487478128e-03, 8.495055041786549535e-04, 4.841680545583116127e-03, 4.673970896823790092e-03, -3.294465564443113670e-05, -8.964058146471052743e-04, 1.062111067561394111e-03, -2.628344954979457831e-03, -3.148795613855935073e-03, -3.956586704818221799e-03, -2.751152456898878305e-03, -2.328860390913183639e-03, -2.876287978985576574e-03, 3.456181758435681456e-03, -1.824516062555975576e-03, 3.915281874013928562e-03, 9.044388982484101447e-04,  3.68375662095660e-02
-4.961658719861654528e-03, 2.288100811536675910e-03, 1.839481744632200967e-03, 2.204213514206986892e-03, 4.229658653825062523e-03, -3.492436053115836186e-03, 4.600526808359829342e-04, -8.627716374904640870e-04, -1.836213531844952795e-03, -3.745134738580016814e-03, 3.120635738691451833e-03, 9.996688203029171702e-04, 3.451257860211462067e-03, -2.272468749279241227e-03, 3.322540972816720103e-03, -4.869291671953692759e-03, 1.899851328199225753e-03, -1.329473632459908516e-03, 1.808070022752933381e-03, -1.902600952978332483e-04, -2.972117042757585047e-03, 1.312743648834604863e-03, -4.576545882824208274e-03, 4.212615926802576807e-03, -9.525533043213685325e-04, -4.869926600938292299e-03, -1.562549814526090989e-03, 1.513141899323082983e-03, 9.246668237735192197e-07, -5.529022118845863462e-04, 5.430141425693717563e-04, 4.001333584491680029e-03, -3.079139853948481206e-04, 4.498070531614320119e-03, 1.339469305872527209e-03, -1.921977259151798605e-03, -2.257346058119223762e-03, -1.729854429699436910e-03, -1.10482271706951e-01
-3.545042187709490731e-03, 3.913067082103316441e-04, -3.274495979915050241e-03, -3.458289130115000179e-03, -9.640275666077521496e-04, 2.185440995039064464e-03, -3.062675671096340771e-03, -2.004821811277459655e-03, -3.480587058413986586e-03, -8.227159717249903081e-04, -3.879275848301962266e-03, 2.450077086741206389e-03, 3.955794125162467520e-03, 1.462512334326132764e-03, 2.276760979808291861e-03, -1.067149308653743064e-04, -2.058320564928034242e-03, 3.720870477666440510e-03, -2.045275225986071480e-03, -2.613675494810467972e-04, 4.508585723401278833e-03, 3.548221687573202207e-03, 4.626354534325100715e-03, -3.051120170317409529e-03, 4.244570972081616184e-03, -3.106282586659230883e-03, 1.147919504076629245e-03, 4.876871385651026375e-03, -1.800695264829160064e-03, -3.028915470911217218e-03, 4.688825663234559918e-03, 2.719179520371856236e-03, 3.117988461237335140e-03, -1.971695598197594629e-03, 1.875048217002781015e-03, 2.750183707283334125e-03, 1.984117027456678943e-03, 8.781443245727280425e-04,  7.09909330035434e-01
7.136342531392303803e-04, 3.345931011413684139e-03, 2.387621225473102356e-03, 4.101065022517242503e-03, -2.682164703262421724e-03, 1.604121195002787374e-03, -4.217429075237194916e-03, -3.115619635605362207e-03, 4.518115220833673895e-03, 4.007600565401928452e-03, 1.005889236241389560e-03, 4.507557355545241395e-03, -3.867938180225163371e-03, 2.574625725005278559e-03, -6.085122981444616649e-04, -1.347931318612192314e-04, 2.363428390314602570e-03, 2.219674844183333086e-03, 2.122691262923955512e-03, -4.047854165884498014e-03, -1.157931829217553193e-04, -3.483138571380316097e-03, -3.058198605673081820e-03, -1.594035320579713973e-03, -4.591223965243595301e-03, 6.218637114880345637e-04, 6.670707707948668116e-04, 1.711534488309112562e-03, -1.944261311540723854e-03, -1.659182445129161326e-04, 9.451924590809191937e-04, 3.283672041106184061e-03, -1.024970009308700560e-03, -4.283861207448095947e-03, 4.554030051460171771e-03, 3.886833827726789148e-03, 2.412576258249520336e-03, 3.012052417207391336e-03,  1.02928883152127e-01
-1.090838569482466616e-03, -2.310802669074110607e-03, 4.185931067206953918e-03, -3.392539939060330769e-03, -1.812441461606663622e-03, 3.754068647223839789e-05, 3.408691812451066644e-03, 1.555509942413046097e-03, -7.087204403418978504e-04, -3.756765060086968838e-05, 2.438413290471204767e-03, -1.776032921535638468e-03, 4.779086802792405567e-03, -3.725619486725881713e-03, 3.843569366391241804e-03, -1.679487363799868609e-03, 2.285926519838624160e-03, 1.451821690085387112e-03, 3.673816497131351597e-03, 3.428225207003483821e-03, 1.481598982468474400e-03, -2.751457529839195209e-03, -4.242817658475932056e-03, 3.093526952456853926e-03, 3.845922400511285477e-03, 3.830542665305166142e-03, 1.394108700858653037e-03, 1.464677947980850235e-03, 2.694541993181728649e-03, -3.148235280910263029e-04, 3.310058450125791946e-03, -3.008336103026218109e-03, -2.056136196985455800e-03, 3.563115521669145760e-03, -4.040170564540800438e-03, -1.083241656771100590e-03, -3.710702222570505179e-03, 4.512962686091101169e-03,  1.03038316479768e-01
-1.374828807816329268e-04, 3.611074756922905138e-03, 3.201246546398587439e-03, 3.085223216356252143e-03, -5.018970487606199543e-04, 7.776541529431755043e-04, 4.908953692091303292e-03, 2.924242555305369903e-03, 1.194897447528956921e-03, -7.175453235500894866e-04, 2.025724402139421169e-03, 4.920994859374588568e-04, 1.042665963330736273e-04, -3.548911277182559103e-03, -3.184430423559114244e-03, 3.354059933246115316e-03, -3.529927611450279709e-03, -4.021395079922916033e-05, -1.196889345399982513e-03, 4.330355036626964624e-03, 3.315198282224323875e-03, -1.353896208480032549e-03, -8.269981582954303787e-04, -2.493171205372453608e-03, -2.425068119041611913e-03, -3.131333890956556829e-03, 1.888288548409335424e-04, -3.540428242361417371e-05, -4.550048025043602722e-03, -3.885396972696342037e-03, 2.439040218219419055e-03, 2.773794949682059988e-03, -4.652754497223645334e-03, -4.021189682256636269e-03, 2.926344918754189908e-03, -1.433428445232150239e-03, 4.806675251288146378e-03, 4.107538687292286439e-03,  3.19332813793588e-01
-2.364378272237406108e-03, 1.948687568165807099e-04, -3.047840325560709045e-03, 3.389092665121990269e-03, 1.834912238829889200e-03, 3.693050568777916931e-03, -4.158673767560278241e-03, -4.795457191708339673e-03, 2.205584081767998639e-03, -2.185537803247080378e-03, -1.713956484393347468e-04, -2.853192376932229841e-03, 3.763119261502136451e-03, 4.761287873608577303e-03, -4.395161377193663316e-04, -1.169216085983186115e-03, 3.407791012055494048e-03, 4.785213185475541142e-03, -1.307260411548155556e-03, -4.738452984212809110e-03, 9.255985719902205117e-04, 2.802995332983520063e-04, -1.856371257377686761e-03, 2.022227104965776227e-03, -4.353565342029150007e-04, -6.559530142716905182e-04, 4.216449047543707404e-03, 3.127688502555143329e-03, -1.868121642318195091e-03, 3.947936032287739302e-03, -1.900489970898472294e-03, 1.146753395798734421e-03, -3.836636510946149145e-03, 3.250184328304676559e-03, -3.118839400431516057e-03, 2.856141275268866270e-03, 4.759227962895155525e-03, -1.853281418303086205e-03,  4.31102549617191e-01
-3.470563846643450519e-03, -1.287698052018695222e-05, 4.768374071662247887e-03, 4.409622537122862007e-03, -1.282865406544445464e-03, 2.683329408067358472e-03, 4.510109891640473254e-03, 3.581007720995519131e-04, 1.605238932145725342e-03, -3.301214169699637387e-03, 8.913426700766311633e-04, -9.617037674720272863e-04, 2.530816745106385414e-03, -4.818441238242453240e-03, 4.328345250225497376e-03, 4.302079313658700027e-04, 1.211911747642409332e-03, 8.792783169391830619e-04, 1.631168268812453748e-04, -2.330773627692798305e-04, 4.412386081205515315e-03, -4.956521893498973784e-03, -8.048929945849644940e-04, 2.647999780794070730e-03, -4.873747878311744837e-03, -3.516048897957133046e-03, -3.141365470991568792e-03, 1.484788679721981731e-03, -1.181204916296774501e-03, 2.365262345988047160e-04, 3.137236906351929117e-03, -2.465778164046669545e-03, -2.777279431800051997e-03, -4.791499850910718901e-03, 5.149309589565420273e-04, -3.336394655972083415e-03, -8.531930342464454434e-04, -4.652694986143066265e-03,  9.85893111688100e-02
-2.058809054128100426e-03, 8.903055594344068749e-04, 6.873002253440022025e-04, -1.499229213780613797e-03, 1.202990576573282309e-03, 2.708701423214777450e-03, -8.909098787945384998e-04, -3.481253431887056625e-03, -3.743615696247679786e-03, 3.592957123221203128e-03, -3.576431242476090996e-04, 2.743535687188399137e-03, 1.965759968769030357e-03, -5.142411106307878677e-04, -5.794213301546502493e-04, -1.117122174824860224e-03, -2.291499642194096738e-03, -3.838272433985593333e-03, 3.761292350682595223e-03, -2.518279071406224253e-03, 3.234054100633865919e-03, -4.350044743525427818e-03, -2.241566979944367797e-03, -7.721582830562808905e-04, 1.038151833010769916e-03, 1.976092084434396580e-03, 1.494724801877083190e-03, -8.012414317196889235e-04, -9.937592685808349646e-04, 1.335735517102768811e-03, -1.668067617828821597e-03, -1.174603850581130461e-03, 1.383166438819871842e-03, -1.365991819809348872e-03, 2.655047565631855379e-03, 1.017367609312022636e-03, -2.986021295405848815e-03, -1.110172066657495044e-03, -4.85991454423754e-01
3.548866217748405591e-03, 1.115342324033619451e-03, -3.610405832392278060e-03, 3.676385760638485253e-03, -1.400488582461716092e-03, -1.100770925366312269e-04, 9.292437281353321463e-04, 4.132198292234925616e-03, -4.965384977130142194e-03, 1.066576407986008328e-03, 2.261254035665315187e-04, -5.494943583001380208e-04, 2.722615169785970284e-03, 3.385696034494128578e-03, 2.013226856890232286e-03, 4.825525377964781648e-04, 4.793198733388081417e-03, -2.827042364542033809e-03, -9.793129783495883867e-05, -2.110100159035019265e-03, -3.781546570616899430e-03, -6.237901493054542196e-04, -2.547007846575361899e-03, -2.209317367477917592e-03, 2.444388821374572987e-04, -8.833175937769804920e-04, -2.369295954853222093e-03, -4.941527681942450671e-03, -6.830394434078094698e-04, -4.934922068384611782e-03, -4.095725308005374390e-03, 4.701145281898891706e-03, -5.626565381893454398e-05, 3.160064975103973883e-03, -3.776099243738618039e-03, -2.954689424004969082e-03, -1.070480076845438389e-03, -2.006025809445565085e-03,  1.14000699619522e+00
2.206349116737458919e-03, -4.885848446556390751e-04, 3.781802469959443663e-03, 1.759019568130844140e-03, 1.101408281420704349e-03, -2.406869622187657581e-03, 2.664845704106016434e-03, -4.978936856164017932e-03, -3.792371054325829535e-04, 4.415819206104436984e-04, 4.388978703276823906e-03, 4.943540133322838620e-03, 7.635497179561360342e-04, 4.241719725209178865e-03, 4.588642063551114439e-03, 4.183318277344173775e-03, -2.421913293907784325e-03, -4.388070212284588337e-03, -1.042980738791997840e-03, 3.126607941237206229e-03, -4.208892333187659422e-03, 7.712161268244518975e-04, 4.145037121490264750e-03, 3.015455533013609163e-03, 3.651801049475688829e-03, 2.378709885253240189e-03, 4.694426010804528954e-03, -4.990030976842169987e-03, -7.755651403638843394e-04, 2.232225209919999794e-03, -4.853021503354749272e-04, 3.529871814244458714e-03, 3.550936933097178713e-03, -1.696004346029535842e-03, -1.278734491294789694e-04, 6.989324392714778983e-04, -2.599504887930309885e-03, -4.264212553425195291e-03, -7.60372129952442e-02
4.846870098192856274e-03, -1.449126706228533353e-03, 2.357294935583202286e-03, -1.276528996490485044e-03, -1.852906485866728011e-03, 2.651712862615377211e-03, 2.908868367472797201e-06, 1.980171832192903318e-03, 1.321566196939146128e-03, -2.009831552862103871e-03, -5.047720092284189303e-04, -3.582586851561919521e-03, -3.788245512141751297e-03, 3.235582464954351797e-03, 2.263521178140961293e-04, -4.849586920011942845e-03, -1.852206190867616755e-03, -5.199007961393421751e-04, 3.250981531493677204e-03, 4.700309677639796443e-03, -1.336956648613790537e-03, -2.059205696419641723e-03, 3.072506225884849909e-03, -3.831933905496079200e-03, 2.462912788981841058e-03, -5.267218028289768691e-04, -1.513120961882618871e-03, 3.015138954904536192e-03, 4.315957540771202597e-03, 1.758540513611070617e-03, 5.141471054126191265e-04, 3.176321523656894935e-03, 4.840082780290244635e-03, -2.441126401310213852e-03, -4.539546205043373979e-03, -1.057126290382051984e-04, 1.535259068188418209e-03, 9.611871988784298493e-05, -4.91498903251931e-01
2.326598627380859971e-03, 9.223197807649002183e-04, -4.831029105368791522e-03, -1.645174080804424031e-03, 2.763007911986057469e-03, -4.389226486938794386e-03, -4.542297575246383341e-03, -3.187168292682141316e-03, 4.278234634357109059e-03, 2.859153090899449121e-03, 3.476654205191024791e-03, -1.851363489258495663e-03, 2.617739048306412693e-03, 1.962578972545632981e-03, 2.121056247155957662e-03, -3.443959099398295060e-03, -1.561831726455806604e-03, 3.876621705736780013e-03, 4.013156324759717744e-03, 4.606173157006274166e-03, 2.809697978428999168e-03, -4.790615696504211748e-03, 1.374563385267178056e-03, -2.366541509594505266e-03, -4.321494472088337549e-03, 3.724602020417060871e-03, -3.213033995923494403e-03, -1.298267383009747266e-03, -9.394492470186765337e-04, 5.610622788142817507e-04, 3.836282817305350021e-03, 4.233513053579884833e-03, -3.276126906304298401e-03, -1.450270137317149870e-03, -3.314093393882143208e-03, -1.692062419702433217e-03, 3.208177245729972385e-04, 2.114654800527129494e-04,  1.24919873912737e-01
2.511751265408497698e-03, -4.761605890460677767e-03, 8.952244097655253502e-04, -2.565694182377221272e-03, 3.007107999335728934e-03, -3.616901256334376959e-03, 4.356151569343299015e-03, 3.485823152493409266e-03, -4.168196467075510961e-03, 1.048092002957185312e-03, 1.966849677670391705e-03, 4.045265777297175555e-03, 4.757775311136584057e-03, -1.812520862366648767e-03, -4.923975890048544989e-03, 4.662167949366524677e-03, 3.005316189204817676e-03, 3.262771385489160805e-03, 3.330140467728923831e-03, -2.223386859747352243e-04, -4.602020023106375389e-03, 1.081919563903478362e-03, 1.152253273787379705e-03, 1.273763357197942037e-04, -1.934201518053856733e-05, -4.494048423021560108e-03, 4.842366409416478876e-03, -2.270632652084906330e-03, 2.954009994631147037e-03, 4.684443575246955913e-03, 3.176129939200019597e-04, -3.059148636369604397e-03, -2.718356783588905898e-03, -1.546686494031720288e-04, 1.393636631606417521e-03, 4.657550453374417754e-03, -4.270981656174802944e-03, 4.141870010150155643e-03, -3.36764524166716e-01
3.673894696343446911e-03, 2.421583857957581437e-03, 4.582042719276030809e-03, 1.996837719208353033e-03, 4.967620408485955846e-03, -1.589351300422188994e-03, -9.441682083729608169e-04, -3.376141584040530386e-03, -5.384177523063337842e-04, 2.668742151944562824e-04, 1.163933881305348819e-04, -7.993195396088434435e-05, 1.397452340647529698e-03, 3.769849404357736994e-03, -3.046827732784213299e-03, -2.985358088495870810e-03, -4.196974526667110982e-03, 9.606518381695171652e-04, -3.858916712551325665e-03, -2.705204721359045095e-03, 2.397863021898693006e-03, -1.666984768436131394e-03, 1.401807493529393274e-03, 7.489472002124991645e-05, -9.307271572832820014e-04, -9.731745765945874413e-04, -4.220447230542960157e-03, -1.213715811653533205e-03, -4.088244245873541571e-03, -7.110401309160605671e-04, 1.108847032493752091e-03, 4.744293305431320981e-03, -1.430561843286915023e-03, -2.014633508766067518e-03, 2.393500538271156608e-04, -1.310622733091804278e-03, -1.129954591574619006e-03, -1.125541930779805095e-03,  2.13546867623747e-02
3.514843568420959741e-03, 3.188796463320707139e-03, 1.908781190114931629e-03, 3.481461064391117369e-03, 2.439094873297863869e-03, -6.534316782673575338e-04, 2.987837319142863310e-03, -3.031465574663296664e-03, 2.925654381414347777e-03, -4.334958938588595601e-03, -1.112306831707481937e-03, 1.183651059206191139e-04, -4.770936573540190961e-03, -1.580092016368637303e-03, -3.612219864305111269e-03, -7.359375256358307443e-04, -9.581445703468454561e-04, 3.497123820339079203e-03, -7.144574234234655000e-04, 4.286524590828896114e-03, 4.514811156063214953e-04, 1.023538353910839922e-03, 4.193471587660878991e-03, 4.990836227573285100e-03, 7.624834647978594865e-04, 4.608735276457885319e-03, -9.381270132949662277e-05, -4.896505241242911713e-03, -2.394225247768417587e-03, 9.507634919597527517e-04, -3.877592963634785700e-03, -4.549884733952794941e-04, 1.486564922866027635e-03, -3.567027333867486133e-03, -1.865829178279355960e-03, 2.615574428375021070e-03, -4.980365287711579873e-03, 3.258500838694037074e-03, -3.42324118151353e-01
5.794807212433986110e-05, -4.864809232537188610e-03, -4.876517856161866581e-03, -2.768091436113949508e-03, 3.330137905156980993e-04, -7.678577921804733905e-04, 2.405573106239664027e-03, 1.617584202229756414e-03, 1.296708683763274014e-03, 8.860114854182341709e-04, 1.628168320398372046e-03, -3.358483852796639944e-03, 4.227115467350018099e-03, 4.971779374234226029e-03, 3.093473550158515328e-03, -5.802029742781331448e-04, -1.852746442516208306e-04, 7.374375439417116262e-04, -3.206917151988663076e-03, 2.048460866933158285e-03, -2.879417029244595461e-03, 4.309251108754847195e-03, -6.149820810719781525e-04, -1.260115070367967115e-03, 1.414738880250707848e-03, -4.550267759349396063e-03, -1.860280212611645483e-03, -2.094432144258383255e-04, -3.850997939877313231e-04, 7.422437774629352461e-04, 3.371510654057678982e-03, -1.149132835488805935e-03, -2.584261435347035354e-03, 2.404941147434691909e-03, 4.776632762175537367e-04, -8.124483671225306292e-04, 1.667830098192036453e-03, 3.205748565763643851e-03, -5.88537027489146e-02
-1.576875999045562141e-03, -2.411628707118046704e-03, -3.742520750839296168e-03, 3.599410959529857415e-03, -3.260843288993963123e-03, -2.496111611992536151e-03, 1.143973611606677147e-03, 2.559318162796220611e-03, 2.285116383156672419e-03, 3.997785676666686452e-03, -3.316785787925635373e-04, 2.978230630205063595e-04, 4.275081087672947047e-03, 4.730412230311495381e-04, 1.368843833519601226e-03, 2.756425488769623580e-03, 4.374175899193373518e-03, -3.103285672538708649e-03, -3.357982113049706556e-03, 4.626630432601169796e-03, 4.119214084372048792e-03, 2.031667382891929989e-03, 2.703165276371672504e-03, 1.450415594933384712e-03, 1.800165968375054895e-03, -1.273818301957596426e-03, -1.749950377135107548e-03, 4.695564097925342475e-03, -2.684454719603447757e-03, -1.871948314823064768e-03, -9.901528449996026271e-04, 1.669719254975992641e-03, 2.066201489948427464e-03, -7.915602231137672251e-04, -3.268616490697619052e-03, -6.389230421239575422e-04, -4.038621455122826630e-03, -4.719449672165264981e-03,  1.12921272001501e-01
4.308440321825738120e-03, -2.987588604027322306e-04, -5.959735784023161356e-04, -1.235951682828662426e-03, -3.380217674653318918e-03, 4.901462748015525048e-03, -1.565347559942360627e-03, 2.248930918681963514e-03, 1.902545249474639141e-04, 1.344858497522775573e-03, 6.683000496149806707e-04, -1.383411359369745956e-03, -4.144978996769455720e-03, -2.607871050853583384e-03, -1.911042471011809799e-03, -7.019054964423907320e-04, -4.590765943045090926e-03, 1.676512091936044509e-03, 3.926528232385860864e-03, -4.975863818701458698e-03, 3.622684012936370004e-04, 3.318395939502777683e-03, 4.751616048518347499e-03, -3.675464085471789183e-03, 1.862192856886191704e-03, 4.451655723216598262e-03, -4.496690729448275456e-03, -3.109659577176466204e-03, 4.424077298114401438e-03, 4.262734450596048982e-03, 2.176740954087657762e-03, 3.585139651709444431e-04, 2.841809008749810600e-03, -2.067219454771391032e-03, -2.937375841007526522e-05, -2.072110027733620793e-03, -4.538728985606454644e-03, -1.912417860820953171e-03, -2.52308291818502e-01
3.749398938896423422e-04, 2.675456184097617027e-03, 1.761074698700017607e-03, 1.334094386013843364e-03, -2.725957461950307206e-04, 1.126065136882055048e-03, -2.233663533310878847e-03, -2.493532467447184386e-03, 3.663855699507416117e-03, 2.185681020786412604e-04, -8.853369563228017866e-04, 1.904208867606392228e-03, 4.648124154658515167e-03, -3.232950139925142713e-03, 3.663523504698330130e-03, -3.597733140318098814e-03, 1.613637275713161734e-03, 1.984149563889958320e-03, 8.746268906566836976e-04, 4.126124264045717693e-03, -7.018116691982238461e-04, 1.437729297735350700e-03, -4.156699002572254720e-03, -4.897887427284469165e-03, 3.531703722341600349e-03, -2.611882600244246067e-03, 3.725902326955065139e-03, -3.783137878866981146e-03, -1.528987785080115815e-03, -4.953233949157222898e-03, 1.151661509652080959e-04, 2.593843978001552329e-03, -2.032521961722433702e-03, 1.304851298802369233e-03, -2.956741613869880853e-04, 4.562767806269097184e-04, -9.702064805059921332e-04, -1.438666253568175041e-03, -1.64382400828714e-01
-2.720624693449030882e-03, -3.014583388407799346e-03, 3.899331347423646080e-03, 1.061332333332514269e-03, -4.585099111036123470e-03, 2.822817351204143926e-03, 3.515678117026419316e-03, -4.078558686386040376e-03, -1.932210080292382295e-04, 2.364995092806195832e-03, 1.485809342498359796e-03, 4.287796841275181431e-03, 3.254983030813743405e-03, -1.825168982213827475e-03, 4.509041140211075480e-03, 3.834485332417314485e-03, -2.104544421497154746e-03, -1.724280961897344238e-03, 3.514576263406284790e-03, 1.924498275974318232e-03, 1.105232325261578351e-03, 1.462380945132043912e-03, 3.741216485829302468e-04, -4.916240041919791096e-03, 4.551831241045453669e-03, -7.946987294964388826e-04, -2.986427630248785717e-03, -1.622125017968882761e-03, 1.480693835549169723e-03, -4.829339724590347126e-03, -4.227384810504886993e-03, -3.402742149803312816e-03, 4.040550217796423649e-03, -1.606870661704494409e-03, 1.320537432747541026e-03, 4.159742167190543655e-03, 4.886719103321911228e-04, -2.523003441615493531e-03, -1.15758440824179e-01
-2.138186422751960861e-03, -1.846057977043690217e-03, -1.236955735510205344e-03, 4.931839664559208372e-03, -2.876211780697436864e-03, 3.488464153189952191e-03, 4.314515118130640356e-03, -1.333442305137370887e-04, 2.613087943233522586e-03, -4.569929901069189233e-03, 1.434170856823675615e-03, 3.655278576976037780e-03, 1.884899540272955490e-03, -1.550283461881245446e-03, -4.602282104893618171e-03, -1.632460572874317069e-03, -3.675410286054100160e-03, -3.765293198408298757e-03, 4.197455367212192187e-03, 2.643319938535031687e-03, 4.865252743443760144e-04, -1.649481514756610985e-03, 3.862402594359513885e-03, 1.247620715076556627e-03, 2.749984483122192014e-04, -3.203449737653905546e-03, 7.714769637761388632e-04, 2.874195596617461559e-03, 1.353447078517699097e-03, -1.183974955310067995e-03, 2.459235335862248323e-03, 1.174059376694586848e-05, 2.637180864648320210e-03, -2.498324548488764507e-03, 1.488103630933837462e-03, 3.543183945735861248e-03, 4.030128153081069531e-04, -7.268926788910863926e-04, -3.73861353107887e-01
2.630628637403356965e-03, 1.227018667569278361e-03, 2.315118175052571954e-03, 2.612066100093277110e-04, -1.101924607938026962e-04, 3.006684254285279384e-03, -3.837978822482568733e-03, -4.067678440360832787e-03, -1.748667713644145704e-03, -2.558083724230582681e-03, 3.143017869312831475e-03, 1.416705167662166143e-03, -3.106166468398617250e-04, -2.290629019254843135e-03, 1.069960003786664567e-03, -1.584813163504368051e-03, 4.189306970857556087e-03, -4.012213083001552397e-03, -2.121412195977359378e-03, 2.281537986100668283e-03, -4.909452435819354477e-04, -2.216773515826796215e-04, 3.273433013360745741e-03, -7.143318904325509505e-05, -6.349615432923814279e-04, -3.302063838431020838e-03, -1.605928569174478338e-03, 1.191848023248781065e-03, 2.737009560351503362e-03, 2.251952807036878071e-03, 4.741556116741024035e-03, 3.765811845058327986e-03, 4.299270477765815626e-03, 4.430617309234892442e-03, 2.992321375310785098e-03, -2.322160259116238211e-03, 3.255307589562944290e-03, -2.787395747737426901e-03, -7.75964469036123e-01
-1.747357114847274216e-03, -3.065178090105955683e-05, -5.545243413904703961e-04, -2.157751595831564496e-03, -1.836823946364608221e-03, 7.690993232945392277e-04, -2.604059668248762463e-03, -3.793662834078188190e-03, 3.388171312612986430e-03, 2.271800579397384272e-03, -5.240934134073151063e-05, -2.243466531441088135e-03, 1.070539249501391461e-03, -9.114282338038154352e-04, 4.050521167372114067e-04, 1.665734709394188669e-03, -7.908724273558180237e-04, -3.934648753685583353e-03, 3.999983881580843406e-03, 2.608754448019820482e-03, -1.931815163623493148e-04, 4.619994440420412476e-03, 3.974707247022937762e-03, 4.348541028891110896e-03, -1.056211043546500215e-03, 1.473867164741952084e-03, -1.422650202106046004e-03, -6.262120163848935647e-04, 3.656852365264180380e-03, 9.116709026382729952e-07, -1.233342529992668794e-03, -2.689087553638261699e-04, 2.368442285506531728e-04, -3.300102590958057733e-03, 4.120304471583983649e-03, -6.603695923289220823e-04, 2.078758251184616504e-03, 4.227619126426232499e-03,  3.01406312487239e-01
-1.657870584835865156e-03, 3.780426813086894614e-03, 4.043073030599862380e-03, 3.983290061535447318e-03, 4.137050096446425254e-03, -4.990409116551118920e-03, -3.910543344277529060e-04, 1.337166531738562779e-03, -4.764801997182966341e-03, 3.331301406141287322e-03, -1.671183279674214473e-03, -1.924017613966534819e-03, 4.931583153355619670e-03, 1.626626911476496649e-03, 4.931387493334833672e-03, 2.999027147413374506e-03, 2.462979893223790628e-03, 3.539047073086609707e-03, -2.663627323337143527e-03, -4.973043537047288493e-03, 3.208784633423195087e-05, -8.081780137825121321e-04, -4.665001215305060456e-03, 6.480886125819207422e-04, 2.336958080194203799e-03, 4.990326497554179938e-03, -1.255385808914791408e-03, -4.815864177776384321e-03, -2.275749800570364429e-03, 2.368588746500772252e-03, -7.775397351747655172e-06, 4.339292436796602162e-03, 4.548592934656836909e-03, -3.370759179399674885e-03, -2.377824313498082265e-03, -4.722259950107401960e-04, 3.550950423429026850e-03, -9.043917623777555925e-04,  2.96892465678403e-01
2.508131022118083656e-04, -3.707546071676357056e-03, -2.112629407846729462e-03, -7.742849765678908730e-04, -7.101848962085752226e-04, -2.618144273274892499e-03, 4.988923167670432368e-03, -4.697726442567985022e-03, -2.195612243160957947e-03, 2.404980483260680743e-03, -2.555413392340532327e-03, -2.305096103080315519e-03, -3.618427167215159702e-03, -1.352240538462330492e-03, -1.511673940972395325e-03, -2.333752040121995705e-04, 4.231016591899547374e-03, -1.508556083727508306e-03, 4.784863944901834171e-03, -2.318203826602647025e-03, 4.789857542935907833e-03, 3.916537452263176011e-03, 3.028942801271925292e-03, 3.573236045177299869e-03, -1.729662200685426043e-03, -4.145999466318821269e-03, 3.043064915588889266e-04, 1.806456283923061831e-04, 4.465834672624289722e-03, 1.972628341322202848e-03, 1.036401294438591726e-03, -3.797568505489251015e-03, -3.060305889888736627e-03, -3.774693461802710627e-03, 1.406114180336408108e-03, -4.421225235615128951e-03, 3.132450926876393510e-03, -4.848476002084453271e-03, -9.05163519381728e-02
-3.400461606435606181e-03, -4.969330428436518135e-03, -1.864547105745317703e-03, 2.224359091885664413e-04, 1.089098312013047493e-04, -3.276777005689092241e-03, -1.487613794766818806e-03, 2.612900563143107265e-03, -3.283883314065148482e-03, 3.645838428646118803e-03, -2.040756553943513796e-04, 4.393894842415384597e-03, -1.213981072009563504e-03, -4.516798624083362933e-03, -3.228696381670396760e-03, -8.260733308767887265e-04, -2.527804808536864879e-03, 2.525677479275585842e-03, -1.491581017093854180e-03, 3.914391222090514086e-03, 4.578949196873226615e-03, 3.840969453640848477e-03, -2.177469277033686808e-03, 3.256408555788962295e-03, -2.951731716959995686e-03, -7.749985372123352131e-04, 1.315634520521228971e-03, 3.352979909280866602e-03, -4.639390280899511297e-03, -4.867728350353005273e-03, 3.063818007690316536e-03, -1.069318974801516942e-03, 3.194961734716091420e-03, -3.723863230436698368e-03, -5.299725996937582756e-04, 7.846209629105019637e-04, -1.438076088459215585e-03, -1.213915500867035219e-03, -1.44387537003688e-01
2.235186036226278171e-03, -4.640156750443562642e-04, -2.286943068764124651e-03, -4.741567318842457128e-03, 4.069473995808729413e-03, -4.464855726502016744e-03, -1.373859209053546453e-03, -2.446044136288859621e-03, 4.048203700585846498e-03, 4.536054725408633637e-04, -2.360904854606532283e-03, 1.725108186967906805e-03, 7.099208180747175120e-04, -3.576630732781994719e-03, 8.821724764286591886e-04, 2.026834348530993923e-03, -1.475259977340093002e-03, -3.368401034362835528e-04, 1.239679868066096043e-03, 1.509386668270435231e-03, -4.984211883498196154e-03, 4.955439225492882030e-03, -3.188830480155978482e-03, -4.283382194635019548e-03, 3.973683395364921780e-04, 4.182430977444907133e-03, 1.788065222065280367e-03, -3.422937225428448506e-03, 4.780144575317850711e-03, 4.705268967307128791e-03, 4.496980265783104974e-03, 1.956160670401289360e-03, -3.559788062317084147e-03, 8.760714830378067697e-05, -4.959388709440938625e-03, -2.141898708856637169e-03, -4.062705044342185094e-03, -2.302149052213912743e-03, -1.74078710915207e-01
4.897004201151545014e-03, 7.640500379942419262e-04, 7.643315874742871371e-04, 9.283171037436609152e-04, -3.699760323546434290e-03, 4.180281462787536692e-03, 3.236601384863521669e-03, 1.914087095505908817e-03, 1.958327748287649016e-03, 1.742374312756120140e-03, 3.231435973368154690e-03, 4.983430391396441797e-03, 4.682841136264626405e-03, -2.060365521424133671e-03, -3.497568616467629926e-03, 3.735375772312806569e-03, -1.337060109266314904e-03, 1.528974857704818412e-03, 1.467842942916909935e-03, 3.830368887871896458e-03, -1.627533371814301154e-03, -1.247579538701472281e-03, -1.176314999166388868e-03, -5.823619068058014450e-04, -1.292814141498732205e-03, -1.083466147684614481e-03, 1.747552006117368203e-03, 2.824443066801483881e-03, -2.261566172760470436e-04, -4.044734300393771839e-03, -4.331025077705608073e-03, -1.919958510701418909e-03, -3.300791160914186458e-03, 4.907749308447235947e-03, 9.432604267205456361e-04, 3.881622096579308290e-05, 3.997020846842766484e-03, 1.656359027456992886e-03, -4.65245058260981e-01
-2.416874230395053575e-03, -4.206862041872842448e-04, 4.624605016331252705e-04, 2.089156550173386015e-03, -1.792292668835802297e-03, -6.198416014112032718e-04, -1.517044874698286402e-03, 4.848143409363941253e-03, -4.738469726552058461e-03, -4.448134422141664795e-03, 4.503702057885885374e-03, 2.975906804791487309e-03, -4.338328581444094063e-03, -3.127643265062864282e-03, 2.141554956575426882e-03, -2.250318673677875053e-03, 4.433569151238707373e-03, 1.627251370249267574e-03, -7.530453720758084613e-04, -2.861488037248128332e-03, 2.367818211201315817e-03, 2.729904912145086036e-03, 4.455197144666744880e-03, 2.758664027621227435e-03, 4.911460221672771589e-03, 4.779798947015117400e-03, 3.823542431466445124e-03, -4.055860740655944235e-03, -4.920477400239108706e-04, 8.751829467188798964e-04, 1.995415327186307944e-03, -4.037855617904151373e-03, 1.212489217567667629e-03, 1.998619962522879198e-03, 4.807431416818689837e-03, -7.523166101052252905e-04, -4.463244829583059257e-03, -4.124425404372222478e-03,  4.46928274134209e-01
-2.241151799367135673e-03, 4.684969416686026594e-03, -2.517237756037614752e-04, -4.579016432141422462e-03, -2.093543756272846224e-04, 2.867626405490134381e-03, 3.838795651430229952e-03, 1.686619136678466600e-03, -3.654322143741328514e-03, 4.612348494350552303e-03, -3.723314146006058943e-03, 5.096246174192157682e-04, -3.507766725842414654e-04, -3.499496255206582373e-03, 2.836592118214863872e-03, 3.861978899939531168e-03, 4.305535954437861301e-03, 4.418394615541660145e-03, 1.993330817727118412e-03, -3.387171986374569281e-03, 3.252505358257710977e-03, 6.224141924993202568e-04, 4.727074976239942564e-03, -3.550411660819732980e-03, -8.183293868171933119e-04, -2.983671883325057870e-03, -3.660766491191189912e-03, 8.091336152574526985e-04, -2.904348384446744577e-03, -2.825065554162679588e-03, 3.564765846830107027e-03, -4.553581992857483850e-03, 3.096386803728205100e-03, 3.729500503478165585e-04, -2.507462068774011024e-03, 4.521706812911727852e-03, -1.346626963438938944e-03, 5.090409913704021030e-04, -4.79306779631192e-02
4.357277379589125435e-03, -2.854674197627005226e-03, 1.605860777741907088e-03, 2.416187060595770784e-03, -1.710780680788203008e-03, -2.876158976359160808e-03, 4.866792390680141009e-03, 4.241561494665216370e-03, -1.487824764687777079e-04, 3.290315089766534737e-03, 3.617388693202609057e-03, 2.186100404040237748e-03, -3.657369345338639353e-03, -4.024055416493544854e-03, -4.734332985886911989e-03, -6.125324861422972583e-05, -4.989434506602772809e-04, -6.189952794488032956e-04, -4.564564290386909085e-03, -6.475035203742027234e-04, 2.476547906692128445e-03, 4.419111501903705969e-03, -2.116420233848414524e-03, -6.793565590994176881e-04, -4.467142617848816714e-03, -4.671604390184104852e-03, -3.020684828559834067e-03, 3.727565750516331766e-03, 3.077013435255442769e-03, -3.455351101850382897e-03, 4.149559127856129043e-03, 3.018047168899912550e-03, 6.115323408509669434e-04, 1.724562192454853933e-03, -2.034107935916553735e-03, -2.877824229523038343e-03, -3.135435251963276417e-03, 3.988517845364228723e-03, -1.73601371233197e-01
-5.465337546003926766e-04, -2.059601367456169972e-03, -5.359011982421658243e-05, 9.661259469304576269e-04, -3.571980746507147537e-03, 3.630703699860678840e-03, -4.147107104021728434e-03, -1.821204792376197520e-03, 3.780090599805127280e-03, -1.742981734158871501e-03, 3.036996141400825217e-03, -9.145900628066893842e-04, -1.228040176387497177e-03, -4.486669106590367162e-03, -4.468597566681227484e-03, 2.748526879947266362e-03, -4.694497413855908477e-03, -6.939073737707588188e-04, -4.189915254008146767e-03, -1.152676832174407990e-03, 1.958760367422998638e-03, 2.659488039146654451e-03, -1.389924374474341574e-03, 1.786054804247815507e-03, 2.369251990523769079e-03, 2.354906320091660135e-03, -4.603798933810798744e-03, -2.693130581581004886e-03, 6.268663229429816131e-04, 1.098722831463895891e-04, 3.051380775793369887e-05, 2.385872418706556225e-04, -4.692217816974226380e-03, -2.793038814735024963e-03, -3.428006109622374481e-03, -1.581241175936482120e-03, 6.015113063348028963e-04, -4.205162704102359018e-03, -1.01379807564508e-01
-3.606579090509630554e-03, 2.150612460609104340e-03, 3.960294688059926363e-03, -2.131858397351001858e-03, -1.069083719361027529e-03, 1.822881819971175314e-03, 3.755762973662039178e-03, -1.516674899929416551e-03, 1.942672791959985761e-03, 1.666924692720227717e-03, -6.491646067510034243e-04, 4.110134216923235981e-03, 1.290863145440377356e-03, 2.753127632447808712e-03, -3.720128172236109986e-03, 2.111257529660926294e-04, 4.264751935063156030e-03, 1.971893581248059836e-03, -3.487835830300619819e-03, -4.433391853037130584e-03, -1.655054558975336491e-03, -3.551859270454043368e-03, 4.601273885578084297e-03, -2.297107139564210504e-03, 2.533660060564038238e-03, -2.633087002123848074e-03, 3.360242475842817669e-03, -4.864725401659977279e-03, -1.265154586524176554e-03, -3.615007049591031311e-03, -1.858583337329352408e-03, -3.098534522963440792e-03, 1.235159792885909269e-03, -4.137801450059918999e-03, 4.399108811893601492e-04, 3.096978999873286828e-03, 2.501272089003308760e-03, -3.713837097371021183e-03, -2.98796680468896e-01
9.420412569789383614e-04, 2.743642662654103594e-03, 4.461979092691657767e-03, -3.191973178004549327e-03, 3.075177145487613395e-03, -2.062901402944267593e-03, -2.888904698090415200e-03, -2.534895083635543486e-04, 2.153578983895686888e-04, 3.938529597715798372e-03, -3.552920001327229335e-03, 3.941058629769931404e-03, -5.797843378096108682e-04, -3.699759534963020444e-03, 9.718617873463175627e-04, 4.610731653670043298e-03, 3.606447101102498373e-03, 4.200168867781730805e-04, 2.030019598696422393e-03, -4.284739955971525113e-03, -3.045115762799564547e-03, -1.521750506552789397e-03, 2.133251684497547256e-03, -1.953930206483278382e-03, -3.637700918752854833e-03, -2.350138407495777019e-03, -3.330823184752711510e-03, 1.101297625846482491e-03, -4.992359847914806976e-03, 9.132941808973797995e-04, 1.344620012417025237e-03, 2.086003187251510640e-04, -4.019373482566455241e-03, 2.330702659415470612e-03, 4.754285606061654443e-03, 4.213325540628405294e-03, 4.656708868969570633e-03, 2.855296766281460383e-03, -4.66396936929108e-01
-2.687614811192793988e-03, -1.104882467933759188e-03, -4.367430073822610621e-03, 3.198921680961395314e-03, 1.527447608652005018e-03, 1.932890760860985803e-03, 3.535701164166448265e-03, -4.842823538634319878e-03, -1.079538949077423968e-03, -1.585049086261492140e-03, -1.537416948059110167e-03, -4.569942114508835154e-03, 8.794082623533681226e-04, -3.180758843630447294e-03, -2.155515468442495940e-03, 1.320411925798977912e-03, 1.529648944101479925e-03, 2.495425887619459604e-03, -8.999927979292110525e-04, 3.783719210852120110e-03, -1.841120095159518195e-03, 4.472961393965555615e-03, -2.262290426907609224e-03, 2.544798416953167330e-03, -4.049371036397667392e-03, 3.377808663133349820e-03, -3.525174052796952850e-03, 2.207559090116352311e-03, -1.045560673379530153e-03, -3.266381013578336864e-03, 2.067800875655385721e-03, -4.067185289405955001e-03, -4.395917484365883393e-04, 3.917081628593542877e-03, 2.375715441649352104e-03, -4.606717825844054356e-03, 4.285875868681640263e-03, -3.745433225954034832e-03, -1.20125262856227e-01
-4.489871441071250149e-03, 3.492344952185947801e-04, 6.033383743591002810e-04, 1.739136896974130021e-03, 2.001611904550531194e-03, 4.145536718501706061e-03, -1.446558613269871649e-03, 9.219631794102683617e-04, 1.105595367307661732e-03, 4.656448524140342771e-03, -4.972452021762179333e-03, 2.448877507466896974e-05, -8.357704802519488885e-04, 4.956607357153690330e-04, 5.247450481205596928e-04, 4.802384458810425236e-03, -1.007826306944833127e-03, 2.983088703271121953e-04, -4.301647858134964586e-03, 4.201017476819869645e-03, -3.344103002742513427e-03, -1.375060786956072353e-03, -2.743592188380911557e-03, -2.638754089943524516e-03, 4.946770565215979562e-04, -4.235844402561068575e-03, 3.751527385364132258e-03, -1.592538634538741976e-04, -4.124050947352710800e-04, -2.578859669211581301e-03, 3.451928427019353846e-04, -2.975039706834649474e-03, 4.923062870434546240e-05, 3.039496471507517963e-04, -3.540323973489326211e-03, -1.129847897516296322e-03, 1.177866281589674824e-03, -2.141051574130805983e-03, -2.88085200413477e-01
4.937663225460233937e-04, 2.721052640363623952e-03, -4.147879800786158019e-03, 4.396143698978047243e-04, -4.782936689430999054e-03, 3.263069199909067117e-03, 3.613790449171004615e-03, 3.940115161607119290e-03, -9.592999339470874645e-04, 2.496055792189284285e-03, 4.891203998611502735e-04, 8.857979434540490596e-04, 4.196607770741770521e-03, 3.474181277750228863e-03, 3.751159963596688990e-03, 3.386361970806175958e-03, -2.581134986728025795e-03, 6.173799863135546323e-04, 2.284748499407436052e-03, 1.666750337046355931e-03, 2.613937756828964287e-03, 4.803898790443428615e-03, 3.451873110391840901e-03, 1.663346066911064805e-03, 2.425537517294068003e-03, 3.785575134540281050e-03, -3.924378690489661176e-03, -8.309137555324343227e-05, -9.744667790037514835e-04, 1.712524291509442444e-03, 1.754976250565627380e-03, -2.497437662209119058e-03, 1.836015663996600628e-04, 1.247202166525945150e-03, -1.135725708734850511e-03, 2.275858029668446914e-04, 2.538608514183075815e-03, 1.031288704825899898e-03, -2.22448542126739e-01
3.064688117087314978e-03, 3.440603311656270646e-03, -4.231907210468907957e-03, 3.732729781422002360e-03, 2.737917390166954602e-03, 4.236932689862542636e-03, 4.769281260198423786e-03, -4.485759460429750503e-03, -1.778764932263489449e-03, -3.563197267392861477e-03, -2.645746193191964198e-03, 3.821431428736187311e-03, -2.654704897340274053e-03, 7.422575288767406521e-04, 1.407835272476836742e-03, 1.249212587038034915e-03, 3.592494810749141329e-03, -2.009151510125969063e-03, 3.478022687790148504e-03, -4.700923063629326715e-03, 6.349995873912994693e-04, 4.094680657325376269e-03, 6.223269884140869915e-04, 3.363059529526306324e-03, 3.208948359287722499e-03, -3.869327251734137538e-03, -2.816347460483828013e-03, -3.895059195304986788e-04, -2.956860182141037453e-03, 1.737805960463316771e-03, 2.154677190978159310e-03, -4.135153070245994704e-03, 6.992232865134593439e-04, -1.909580707351118348e-03, 4.780793534277018655e-03, -1.195052680822603856e-03, 9.263428419033041539e-05, 3.868101426253376871e-03, -2.98241534868604e-01
-4.938997056224389386e-03, -4.463683820306357103e-03, 2.810353038033759111e-03, -1.203954353556236940e-03, 1.943063866334832079e-03, -1.468469589570664882e-03, -3.378855133465569378e-03, -1.747647335864239374e-03, 1.267405338032405113e-03, 3.532502710904640575e-03, 2.918367498397659784e-03, 2.151553240193109819e-03, 3.795369079692577016e-03, -4.957664786514467785e-03, 1.793688575760988245e-03, 3.717254268783058008e-03, -2.940102247052813530e-03, -4.710696622301864880e-03, -1.410401801786239761e-03, -1.090529478113258857e-03, -8.921652127276483157e-04, -6.421027649086107070e-04, 9.089345369268277824e-04, -4.119211456280256860e-03, -1.374242766002079820e-03, -4.886508021198125197e-03, -8.056955029310339939e-04, -1.478358324974651718e-03, 4.577557164278741111e-03, 3.388091417962518087e-03, -4.988069278914973939e-03, -5.280857145704880365e-04, -2.417804207301876580e-03, 4.030441434904613249e-03, 4.870196049467905713e-03, 3.268064737360285021e-06, 2.046373182239306747e-03, 2.549465334874479600e-03, -1.06618006049964e-01
-3.835202543905946986e-03, 1.600068632859067731e-03, 4.724679342128753137e-03, -4.323020298960101801e-03, 2.176960880753643982e-03, -4.141267744400513144e-03, 4.030601106650417639e-03, 2.455840767722114112e-03, -1.972142531922262392e-03, 2.085088543858492661e-03, 7.283293080565071687e-04, 1.695139344432524189e-04, -4.451791927887653946e-03, 3.041101083036724245e-03, 4.897212802493550524e-03, -1.927472806283422359e-03, -2.856244871956420232e-03, -2.288665095630615896e-03, -3.997102626644607505e-03, -1.002918251143588776e-03, 3.368176070409015926e-03, -3.250147247755323307e-04, -4.219307565779741899e-03, -4.018693390152056760e-03, -1.468494039235049980e-03, 9.004158770137549173e-04, -1.549205800215633019e-03, -2.482555097516685270e-03, 2.418379624458497947e-03, 4.345826595747248958e-03, 3.871555374223956125e-03, 4.395603045846170273e-03, -4.417339278300952757e-03, 1.095235477476672742e-03, 4.073710028184825485e-03, 3.931700037194700223e-03, 1.332540824213508321e-03, 1.395701593063494207e-03,  3.42270801548492e-01
-6.577980916551663323e-04, -3.046858135663537640e-03, 1.442642849340970874e-03, 8.811525537597234697e-04, 4.123336072819953207e-03, -1.743968599593407730e-03, -4.069088336969695421e-03, 1.373612033550566588e-04, 4.731265914946325424e-03, 2.541644259236272227e-03, -2.502017447658909551e-03, -3.286125387922246392e-03, -2.179489524980742637e-03, 2.274127637424986845e-04, 1.444974399152250226e-03, 2.688970843560338497e-03, 1.336224462629475966e-03, 1.508768496761897851e-03, -4.063191113461787560e-03, 4.686754703581149512e-03, -3.930268428737311928e-04, -1.002656203695501645e-03, 1.297667857704590255e-03, 3.762745022641660747e-03, 2.868519826377851495e-03, 7.839828316392322138e-05, 2.497952050947699516e-03, 2.913397699249031803e-03, -1.084188794762916755e-03, -1.820752363517794559e-03, 2.140729235199829300e-03, -1.344818207498897633e-03, 3.623840809184042389e-03, 1.869587256739364822e-03, -1.883199423337118296e-03, 3.567204868715340149e-03, 4.575085331336282632e-03, 8.616864824539617260e-04,  7.44546784716578e-01
-3.519232587642335576e-03, 1.294712847429554427e-03, -1.262836092707878954e-03, -2.714872054150424714e-03, -1.763634384373811894e-03, -1.573644937185826251e-04, -1.575333169171001801e-03, 7.239856381152220272e-05, -2.488298822196418486e-04, 1.765397832741772387e-03, 2.514587402290173815e-04, -5.799520997877187847e-04, 3.114933514349564961e-03, 2.064791110441126579e-03, 1.708490927499187705e-03, -2.543860525065694701e-03, 3.142108338345191501e-03, 3.026796026024026684e-03, 2.374002978427257673e-04, 4.808734579740058315e-03, -3.921417544946262553e-03, -4.638219286924910763e-03, -5.432655473237447269e-04, 3.507424356981047459e-03, 7.016067186927758825e-04, 2.676730632623846966e-03, -4.440455712235134855e-03, -8.350152556158702000e-04, 3.458674403570172196e-03, 4.235925067678234304e-04, -3.025503034710498498e-03, 6.383073266910312821e-04, 3.825115149098818820e-03, -3.233279629181020146e-03, -3.174388788660144779e-03, -2.846647923006003986e-03, -2.414768279028944777e-03, -4.625601946238339438e-03,  2.89448804519493e-01
-4.207719514520598392e-03, -2.563980637849808987e-03, 2.740969061192023021e-03, -1.377472620589603389e-03, 4.615671773287696039e-03, 3.088083492365743810e-03, -4.977881827813914611e-05, 4.996592903689792489e-04, 8.476162783752159285e-04, 4.951757408770034521e-03, 3.818009270921806503e-03, -3.323849233422880665e-03, 1.656434246611574942e-03, -2.589578965598708128e-03, 4.729230726925551936e-04, -3.648305594336450405e-03, -2.000400716664380019e-03, 3.564495743644570391e-04, -1.825737973490493531e-03, 1.114224271750978955e-03, -3.471809048301680543e-03, 8.293696902290838974e-05, -3.477782284435474748e-03, 4.226797394154930068e-03, 1.430904465952202373e-03, 5.114124483386250572e-04, -1.176753867809343483e-03, 3.885698160541102911e-03, 4.769261494608703286e-03, -3.572239785448106351e-03, -4.022849402160539461e-03, -1.685796244777718750e-05, 1.193845339583061993e-03, 2.272794925594412603e-03, -4.443082804546150295e-03, -4.522714926401569767e-03, -5.605532132725646322e-04, 7.549950644072066230e-06,  2.07779097789057e-01
1.313132176908381014e-03, 3.304729202109144698e-03, -1.821955076828386203e-03, 2.232862720820879068e-03, 4.314339689292767330e-03, 1.953890035430404931e-03, 4.218084348080760812e-03, 1.016110996454595676e-03, -2.825883287954511318e-03, 2.843007024173898820e-03, 6.472242240820194961e-04, 4.908012065375767091e-03, -3.130830089500978054e-03, 2.785561624642237007e-03, -6.541138201747575404e-04, -2.174578947834989243e-04, -1.113476616054616137e-03, 1.371981214558771339e-03, 2.889630810637007843e-03, 1.033172969327290046e-03, 1.443189017516768521e-03, 4.204004620535209055e-04, -1.205925780931580739e-03, 3.941442346535884919e-03, -4.357453601082339999e-03, -4.576466914713969020e-03, 1.029844980075938186e-03, 3.820072969372007021e-03, -1.611837146089620081e-03, -1.595920455786251427e-03, 3.535641077964144646e-03, -2.019098370760340384e-03, 2.492622528407326468e-03, 8.526983594164096528e-04, 4.643031633216561371e-03, 2.473707639097912081e-03, 1.264489330689497204e-04, -3.937837608059154698e-03, -1.57377913217779e-01
-1.452872759649778429e-03, -9.515685610946081341e-04, 4.870502161285853240e-03, 3.253696241020715904e-03, 3.204192802195729786e-03, -3.146650629293371720e-03, 3.024659545460255811e-03, 1.284558812609777959e-03, -2.786044050247327240e-03, 8.511749443015160024e-04, 3.088042522635173898e-03, -3.141329943781425837e-03, -1.568465410639236814e-03, 1.057420333799192168e-03, 1.772577556939090339e-03, -1.072290765188001552e-03, 4.837791082083533686e-03, -3.634375857961490500e-03, 1.660037443716806844e-03, 2.194585421711190039e-03, -2.389026083387971698e-03, 3.325142551571048932e-03, 3.315578944751334037e-03, 3.283452537848381356e-03, -3.383755309897330029e-03, -2.986897080292155379e-04, -2.971959577373223162e-03, -2.461781310267994148e-03, -3.003027873395914746e-03, -1.370465863194765196e-04, 1.445008862786925467e-03, -2.656235966577448569e-03, -1.348542208546959099e-03, 1.135580027337044703e-04, 4.932929839088582430e-03, 6.563967671751446548e-04, -3.688021477158191959e-03, -4.741920544746929152e-03, -6.30254615526198e-01
-3.677945336891992774e-03, 2.105559992554672036e-03, 4.838208727602301418e-03, 2.453551243287902840e-03, 2.064708976571661379e-03, 1.982037547257313112e-03, 1.228188571689881048e-03, -3.830327206728961330e-03, 5.102735632701131674e-04, 4.567082581855659226e-03, 4.367419731726182239e-03, -1.600796723887804984e-03, 1.314533926291151095e-04, 5.012002740328175276e-05, 2.249851170913407319e-03, 1.806156194140863709e-03, 5.204495743368143038e-04, 1.256094774548480175e-03, -3.894455408908233454e-03, 4.909843578162336256e-03, 1.919188401955889203e-03, -1.773588984851802094e-04, 1.504643369252433270e-03, -1.321715682685600975e-03, 2.133400402795178862e-03, 9.442674580411878141e-04, -4.457613606398373382e-03, -3.347861862633518155e-03, 7.988954899822734920e-04, -3.160105113513784168e-03, -2.367770565099621121e-03, 2.741769976456137972e-03, 9.651387389222870067e-04, 4.383759076183855324e-03, -9.308563521689431838e-04, -4.905660175602077205e-03, -3.114805513772114266e-03, 2.213971050919868490e-03,  3.13224188006308e-01
6.925186092441616703e-04, -5.105411961320019051e-04, -3.499631333137953430e-03, 4.604394105121520364e-03, 2.305243835360889192e-03, 1.647599745445397709e-03, 2.818988410324317628e-03, 1.830994034301763537e-03, 3.412538256354890123e-03, -8.502315614357432855e-04, 7.179129058992560208e-04, 1.885676124885929048e-03, 4.663845667800642705e-03, -3.071071787900333389e-03, -1.614728414255283458e-03, -9.460645288622612087e-04, -1.429470104515045015e-03, -3.479927231687537925e-03, -6.778769724998141843e-04, 2.680467063304622574e-03, 1.874561528032515564e-03, -1.809048094890916471e-03, 3.887969516448930296e-03, 1.365355214668368539e-03, 2.192391759362539994e-03, 6.546279505033397381e-04, 4.941471531814676729e-03, 1.340539883227186667e-03, -1.704059234794831970e-04, 2.842604415927523637e-03, -1.602325486677984301e-04, -4.757616277483788653e-03, 4.973360132880683473e-03, 2.590579437340178801e-03, 9.614969665102156629e-04, -2.788122396929410430e-03, -2.708982655690350509e-03, -4.951407060345408909e-03, -4.11100322184630e-01
-6.096215550673595579e-04, -3.942698604724394380e-03, 1.053620547922363634e-03, 4.950212303940883588e-04, 1.861156872323828718e-03, 3.449506003055985773e-03, -1.100066704867465415e-03, -3.082671273426464131e-03, -3.000390323090163913e-03, -2.959671806746553332e-03, -4.856555848901586425e-04, -2.451959179804498630e-03, -2.800876666104198161e-03, 1.830894490645585369e-03, -3.509191158233708301e-03, -3.219128481973515706e-03, 1.254064458953979902e-03, 3.575404621136778205e-03, -2.817699294618914233e-04, -4.238082989282384097e-04, -1.024019325792557139e-03, 2.406085706113210952e-03, 1.602273396430476532e-03, 3.046031821449107779e-03, 2.021762926847991450e-03, 3.594293610995492189e-04, -2.773997621055934379e-03, -3.679637013385000932e-04, -4.061474975859331524e-03, 4.644071041736733477e-03, -4.164377576819104122e-03, -3.612775491267770749e-03, 3.966569036077302254e-03, 1.206736359506882517e-03, 4.171365851785603651e-03, 4.719700054444865567e-03, -3.800357147808420752e-03, 7.737963837930661101e-04,  1.07524966378563e-01
-2.178120510861608627e-04, 3.063938081713823633e-03, -4.447526550496354487e-03, -3.890763430390456988e-03, 3.027489591442882044e-03, -4.583594308470896259e-03, 4.010922009994293685e-04, -4.625854435683245981e-03, -4.633852467723752894e-04, 4.705824256616390408e-03, 4.579935772529606514e-03, -4.636076002528181049e-03, 4.850683140774848107e-03, -3.817148749928967258e-03, -4.350710568308826902e-03, -4.739790888361426757e-04, 2.950822365284948637e-03, -2.041601183964728960e-03, -4.028948710377424497e-03, -7.030979448015978184e-05, 3.119402828559081006e-04, -1.577276929311765847e-03, 1.234892964841001819e-03, -2.767692878202519368e-03, -1.983059785148734780e-04, -3.293042249055540011e-03, 4.508106960023374604e-03, 4.281673062997726556e-03, 1.764954236654433031e-03, -4.206566314796211792e-03, 1.163378696269425430e-03, -4.611216108867615890e-03, -3.881334580051513505e-03, -4.155606881713606697e-03, -3.881948358499383474e-03, 3.565886376588212753e-04, 4.246936605823852656e-03, 2.273981061898951682e-03, -2.49374852499859e-01
3.874379481631478467e-03, -1.906357036729676175e-03, 1.821900362620210330e-03, -1.873427225481641596e-03, 6.888508211608671342e-04, 1.964169195503738183e-04, -3.253735342526827869e-03, 3.635562603282320102e-03, 1.863816732936023415e-03, 5.739161731188628310e-04, 1.095681763590540883e-03, 2.862466188694430883e-03, -4.288319316781028998e-03, -1.390954841783420114e-03, -2.820637123636768762e-03, -2.009603806153973868e-03, -4.818279052570871232e-03, 4.551096578800850265e-03, 1.299464294732355883e-03, 4.652064143318822981e-03, -2.547280985739042332e-03, -2.092892589732264601e-03, 2.381286480898626295e-03, 1.383403287582636587e-03, 3.406302262870506553e-03, -2.036321597109856576e-03, 2.537787362951816721e-03, 4.525293141787470330e-03, -4.521595225969352386e-03, -4.522071540844722209e-04, -2.035798977782166987e-03, 2.783316307081223386e-03, 1.622040108236826560e-03, -3.672042286066994239e-03, -2.769115289616338668e-03, -1.799254687911016476e-03, 2.683099254978333140e-03, -4.410357162277600378e-03, -1.98166261001242e-02
-3.721823186876431835e-03, -2.117849577239535892e-03, 2.686831075008794950e-03, 3.003795971764457173e-03, 2.548311530993423862e-03, -8.046224833656735048e-05, 4.564164642101131708e-03, -4.969800203784112760e-03, 5.484884539216873175e-04, 3.459285521821287013e-03, -4.351892460389937545e-03, -2.711892917848610952e-03, -4.707767072810932485e-03, 9.035958058981078886e-04, -7.916693506710955133e-04, 3.248052444476247011e-03, -2.677836199629556654e-03, 8.589512863339220095e-04, 2.812533477877675672e-03, 3.518631563009399013e-03, 1.885017816356942232e-03, 4.374986317868560445e-03, 1.138967488807001230e-04, 2.815628407077599635e-03, -2.014220478858789586e-03, 3.634070269883635934e-03, 3.567642648470172734e-03, -2.406171914831659129e-03, -2.098225125770794824e-03, 1.857659452186774356e-03, -3.271953727850406436e-03, 1.545741248125993492e-03, -2.173315941348618295e-03, -2.629008949831647748e-04, 2.363796926106821912e-03, -1.772153567389939122e-05, -4.499828136149576843e-03, -3.784456525494288986e-03, -6.70828291023063e-01
-2.459626347644176814e-03, 3.865153578271114665e-03, -4.661012908016163095e-03, -4.368667606290094207e-03, 4.037054008009847983e-03, -1.090588452004662839e-03, -3.408856920354763360e-03, -2.317433276277929607e-03, -3.588520346672185307e-04, -1.146861233500100219e-03, -4.550377110074501144e-04, -1.656425560684331427e-03, 2.292951118631216499e-03, -3.618479089586079840e-03, 2.978772219737073346e-03, -2.618002998655822883e-03, -8.010440162665773828e-04, -4.330575943311815515e-03, 9.957591393673602409e-04, -2.725744052963087471e-03, 1.457828063696831218e-03, -9.467270501199546995e-04, 3.153550197874095337e-03, -3.232831804396628546e-03, 3.689533715344762640e-03, -3.688716407839400142e-03, -4.321680054801643744e-03, -5.075857490522200574e-04, -3.659232166287853388e-03, -3.287083077771357602e-03, 2.956824485706081515e-03, 7.131288613999725579e-04, -2.231638007015412321e-03, -3.725992732377448637e-03, -1.961061415638018848e-03, -4.056184112400810018e-04, -2.639270151404008238e-03, -4.911361721176336903e-03, -3.57723548318165e-01
-4.575654735297765563e-03, 4.864716866201516596e-03, 4.385058151010765362e-04, 4.792882320671768698e-03, 3.836130125713019950e-03, -2.271500394287123432e-03, -4.608084331105774881e-03, -3.540366161589210414e-03, -1.767632726109193923e-03, -4.553484425844555802e-04, 2.635354514789969675e-03, -3.546839013836340475e-03, 1.046772601545803254e-03, -3.976329247411809591e-03, -1.357964092084592688e-03, -2.282090977380406283e-03, -2.450867182460983191e-03, -2.660979494395284643e-03, 3.902273850179860046e-03, -2.779506560392158623e-03, -3.945293244302324788e-03, -4.688550778515199018e-03, 5.040946438553562531e-04, -4.347277847874126029e-03, -7.102782843352037703e-04, -4.335640301652753971e-03, -4.068704368539985232e-03, -4.597236875732536171e-03, -3.481217615576708523e-03, -7.467055811838938309e-04, 7.844901945412881272e-05, -9.643886116471982184e-04, -3.818657139077297029e-03, 2.486916898079121960e-03, 3.425056759025071201e-03, -5.160285811909469042e-04, 1.570789782979122896e-03, -1.775066637014280357e-04,  7.14164260211023e-01
-3.238972826506798450e-03, -3.622515803904263233e-03, 3.167225176610118098e-03, -1.848634779214639468e-03, 2.495506326877507466e-03, -1.368003235070769721e-03, 1.754118129368617204e-03, 1.450206372135028413e-03, 4.216366275960935564e-04, 9.415430279740757274e-04, -3.292262424640312289e-03, -1.697450312995346308e-03, 3.494735211008672890e-03, 8.214080400290590944e-04, -2.723348606918203196e-03, 5.515748382656851523e-04, 2.740149993499695590e-03, 1.945159328880043982e-03, 2.077223887540845942e-03, -4.169903827250696741e-03, -2.640111965738975875e-03, 4.683343856394898974e-04, -1.369287732583283814e-03, 1.679321343137567951e-03, -5.097858137119246763e-04, 3.556071157976813113e-03, 1.808362934847524035e-03, 4.594796308242743779e-04, -4.335398956961819539e-03, -4.372776994504765091e-03, 1.245839118523610518e-03, -2.140385138710169510e-03, 4.606607311492760815e-03, -3.418313414108162772e-03, 3.132644832551613120e-03, 4.015804942652127785e-03, -3.983999797801162160e-03, 3.610694087646162259e-03, -3.38660033277581e-01
1.124614170091803832e-03, -4.521176269721250557e-03, 1.392008119193292523e-03, -3.163204010770928176e-03, -1.029199810099371871e-03, 2.521420112101169404e-03, 2.738442450843699832e-04, 3.711372962222911701e-03, 5.798668929450001217e-04, 1.617072969950080971e-04, -1.366350269322420385e-03, -3.707568487927045617e-03, 3.609043116446941646e-03, -2.674930691514386394e-04, 3.115065642556591463e-03, 2.544373277595317340e-03, -3.915703967027487145e-03, 3.573950957013535476e-03, -1.997103669870835523e-03, 1.995512758830890118e-03, 3.495291215743309698e-03, 2.331168085777614828e-03, 4.773389670695536713e-04, -6.567309293997944386e-04, -1.969580991242503298e-03, 1.872106819526168399e-03, -4.376550109775230457e-03, -2.001128589072139613e-03, -1.669154768176558338e-03, -2.771860672791891331e-03, -2.906816154218620080e-03, 3.909789362368248575e-03, -1.422164702867560228e-03, 9.090026574389478004e-04, 1.725051894856490138e-03, -3.830969337805581725e-03, 4.446355367479688098e-03, 1.712439426608666423e-03,  4.06145431060479e-01
1.191486079394684684e-03, 5.783881527530419786e-04, -7.001464784557936624e-04, -1.528830651822052616e-03, -1.463696787207074274e-03, -1.418994614917725491e-03, 4.252880798279404934e-03, 1.315470226729681912e-03, -2.300997328774739576e-03, -4.263541150920714326e-03, 4.981704993720446201e-03, 1.358501221715995196e-03, -9.406498799610328587e-04, 4.698993314139596547e-03, 4.480730277598609507e-03, 2.006922361286062224e-03, 8.074877249399960155e-04, -4.415452045035167701e-03, -1.005894318925357710e-03, 2.112593107003926836e-03, -4.737621952078218367e-03, -2.000794108938364589e-03, 3.778616776168568919e-03, 2.218314279178284533e-03, -4.711201061000994984e-03, -4.457406038190321260e-04, 3.913769423895714639e-03, -4.463541413541518427e-03, 1.286164576353913611e-03, -2.361772257621889796e-03, 3.791148832084189138e-03, 2.448515206561762553e-03, 4.771615208290235638e-03, -1.487483790411957621e-04, 3.274814006716574369e-03, 7.611404920669787369e-04, -1.960719230528783219e-03, -3.682490590086429441e-03, -3.82141533197851e-01
4.087397609278694763e-03, 3.281957410896176736e-03, 4.331849299090742220e-03, 2.900061915138826482e-03, 3.361225094079062919e-03, 2.348399646326922684e-03, -3.699986490839345457e-03, -3.365455637643918838e-03, 3.059721317080042399e-03, -1.442923072173009358e-03, 3.848649034521235690e-03, 1.593814208768125004e-03, 1.469316049819737770e-03, -2.666688837625529659e-03, -3.728336017522595851e-03, -2.898373576359313669e-03, 2.321786456284512939e-03, 1.903292583841336393e-03, 1.114864920060175749e-03, 1.397535245893762913e-03, -2.444602875246860811e-03, 5.998816574312622329e-06, 4.113773096952755975e-03, -3.159942403804671777e-03, -1.657606369795072872e-03, -2.188319432668535749e-03, -7.944207463477931386e-04, 4.468646005732870505e-03, 3.815623773124589280e-03, 2.196441639103384295e-03, -2.939971626822284172e-03, -9.176151927692676596e-04, 2.928476478216059803e-03, 2.276652586845544050e-03, 3.100978986766967510e-03, -9.821899055034053957e-04, -4.734054045248718527e-03, 1.324804213290124884e-03, -9.40392658759354e-02
-1.048430712635682605e-04, 2.857862834058248758e-03, -4.294406340572508307e-04, 2.631167376404748744e-03, 2.706835515847833516e-03, 2.021560543879948393e-03, -3.046328589999605652e-04, -2.245039755470571406e-03, -2.576814864048174343e-03, -1.609287827707275593e-03, 4.671572073381707532e-03, -8.806216475305160205e-04, -2.799397907622524356e-03, -1.535746890173813727e-03, 1.574907749143574821e-03, -1.352754874293140772e-03, 4.737970161097598137e-03, 3.658713106429912695e-03, -1.469073979160092410e-03, -6.532077407038500844e-04, 4.884867418171111655e-03, 4.985784928768027813e-03, 1.338028261196965753e-03, 6.703260285329248891e-04, -7.269975771866457603e-04, 3.994899880307089049e-03, -2.784145830049109330e-03, 2.262825579301676500e-03, 1.308374166917460057e-03, 5.952267348946754105e-05, -1.791400318723745597e-03, 1.987756785018656228e-03, 7.898998687898509813e-04, 8.998391155919825343e-04, 3.551083171568257882e-04, -2.997378655533538671e-03, -7.013643331697620720e-04, 2.158760884733515635e-03,  4.40788545273951e-01
3.223575942553198043e-03, -7.365293809952046591e-04, -3.898514692749718326e-03, -1.781569232115869702e-03, -1.967828086537873680e-03, -1.750258877635354777e-03, -4.661793103300130615e-03, 1.030651113039328381e-03, -3.073607092890189366e-03, -1.370234680931573835e-03, 2.306348954047486577e-03, -3.250001008479970824e-03, -2.938733794451444531e-03, -7.852173600451303748e-04, -3.798195144854043560e-03, 1.498027665142939724e-04, 2.918654566637021719e-04, -1.180272649798529225e-03, 2.325586953910767363e-03, 4.199102978937512345e-03, -7.288397268182594466e-04, -4.601932785653627643e-03, 2.419354120440577946e-03, 1.505296127519673358e-03, -3.132409271260089539e-03, -4.173314358132058748e-03, -4.370569640702341371e-03, -2.508147170408914911e-03, -1.225269294144297645e-03, -6.874458978503514284e-04, -3.831342451400722524e-03, 4.425510317759969933e-04, -1.245220850166098552e-03, -2.452736456986735411e-03, -2.861412070055966480e-03, 8.660688364086214022e-04, 2.267149222342655993e-03, 2.384527290756629711e-03, -3.33459283343780e-01
4.668510122580656410e-03, -5.476095179189647763e-04, -2.604464821239725874e-03, 4.058333395265746255e-03, 3.682583031180821503e-03, 2.986153690982980974e-03, -4.271988923954555227e-03, 6.146350889136989806e-04, 1.542553494193327213e-03, -3.509287979125680964e-03, 4.802682256818777140e-03, 1.074188887008902318e-03, -3.066887279390766510e-03, -4.337505049578463910e-03, -3.155643371437659786e-04, 7.462689629645115341e-04, 3.913446232507335545e-03, -1.878715245314944125e-03, 7.449298918404435865e-05, 3.596423068972556467e-03, 3.290051083152240735e-03, -2.997156772565713178e-03, 2.583293044805416716e-03, -4.529697731546872622e-03, 1.742618927661026586e-03, 5.320278472029562472e-04, 4.183520495400164935e-03, 3.442706855824456680e-03, -4.426295535368003631e-03, 1.492381469532289007e-03, 4.169818908343100872e-03, 4.767785421806105747e-03, 4.371046925089102503e-04, -1.489477260699924224e-03, 2.904496261458363107e-03, -3.924036686950908154e-03, -2.381771507348291825e-03, 3.233994620783100724e-03, -1.91359009355833e-01
3.321542701624513941e-03, 3.723714038300199314e-03, -1.907968956814646080e-03, 2.970467807188495804e-03, -3.292041854702010880e-03, 3.574401435755098291e-03, -2.486750649518095803e-03, -5.357846632595749531e-04, -2.477146298292965797e-03, -4.025404488978201467e-03, 1.903325760414488303e-03, 1.832802870504189260e-03, 3.288643053454045825e-03, -3.259622941980883266e-03, 4.666423775526701290e-03, -1.194609801632821877e-03, -4.333551390217520345e-03, 4.298733522132355475e-03, -6.528676534476394316e-04, -1.890875123837274831e-03, 4.296712923476837809e-03, -2.714775245160834342e-03, -2.291268396462453096e-03, 4.916918221132389466e-03, 3.575705364652447329e-03, 2.606176335541116572e-03, -4.165159605798989841e-03, 1.648013157086674653e-03, 2.367357479152300791e-03, 2.016084495325216192e-03, -2.144784609197470087e-03, 1.679290262701221836e-03, 1.709103282923344486e-03, 3.646243506825797009e-03, 3.554717746080050811e-03, 1.458589500157397856e-03, -2.556843441426277092e-03, -1.889684180928284055e-03,  5.53964477460431e-01
-4.721697958859098418e-04, -4.651204282939028038e-03, 3.247907062847967680e-03, -3.410660266902078817e-03, 4.941234052585515013e-03, 4.315488063629432589e-03, 7.302044381465094477e-04, -6.824846709202339948e-04, 3.455676399691503392e-03, 1.685820918386262204e-03, 3.729233946280946163e-03, 1.092958008336023489e-03, 1.602291913161335221e-04, -3.112578171018576863e-03, -1.483912830196428955e-03, 1.561474053535006484e-03, -8.672040829585375005e-04, 4.741844920478084646e-03, -4.853184269615323093e-03, 2.522214698925519076e-03, -4.636866789087162703e-03, 3.890431160780555286e-03, 1.458820985014481868e-03, -2.513220069159553122e-03, -1.142614989331457165e-04, -2.461294810723047444e-03, 2.418771169421660844e-03, 3.195493080146528941e-03, -1.706371872882913449e-03, -4.009714962848999475e-03, -5.192459461329027026e-04, 3.766072811896194888e-04, 1.367592858627664568e-03, -3.900518243012006305e-03, -2.241047722234558968e-03, 2.500349081322784245e-03, 1.293780921352237143e-03, 3.908168110578593216e-03, -2.53410772647117e-01
-4.033746675544242453e-03, -1.511782462287579454e-04, -7.306708691965152144e-04, 1.398446229929909551e-03, -2.903497642836014997e-03, 3.763686456242091444e-03, -1.632778297571716927e-03, 3.325566853963337829e-03, 4.820488227964788916e-03, -3.039416301222330578e-03, 1.115938759249066742e-03, 3.786762647543972377e-03, -4.242333051661547477e-03, 8.465670414568096658e-04, 1.915079122498921683e-03, -1.857811773092435566e-03, 4.169252468888095045e-03, 3.768460742577559724e-03, -1.332807969450082800e-03, 1.539216636485371721e-03, 3.893156084695504129e-03, 4.799285013934005348e-03, -9.153441125724567917e-04, 3.785972479926413142e-03, -4.807211148610579174e-03, 1.785185049332483308e-03, 1.189776860133761119e-03, 6.650010135432742747e-04, -2.566051302832869207e-03, 3.910904372746734289e-03, -2.628167882527274613e-03, 3.884065948991205844e-03, -5.175106803217352502e-04, 2.673908230007615398e-03, 6.039648468056761643e-04, -2.058319239788162711e-04, -3.541188179181701395e-03, 2.826089435385530091e-05,  4.65352485280528e-01
2.447542284097058846e-03, -3.441636089328768862e-03, -3.521599094151498920e-03, 3.845233175732553493e-04, 4.585261555494971400e-03, 5.641031275976258683e-04, 4.812863598209104338e-03, 1.531084912172484512e-03, -3.966619897442714114e-03, -1.812213356457819877e-03, -4.878425326875321551e-03, -3.691981661246964298e-03, -1.514455583821964352e-04, -4.793940161661531391e-03, -4.824101127821159816e-03, 3.609241498652802221e-03, 3.833455651583729182e-03, -1.857113096407894334e-04, -2.244953840726314140e-03, -1.187128830312081645e-03, -3.019058673160264321e-03, -1.409472946638918017e-03, 4.518108970473038583e-03, -3.610371246059766118e-03, 3.504332956577659725e-03, -1.999717018413256844e-04, -2.142780664494454198e-03, -1.958558110370902088e-03, -4.176234711899575770e-03, 2.572768898347135846e-04, 3.637211296923768128e-03, -1.367661865236062101e-03, -3.017335560781898678e-03, 3.218159051793957962e-03, 4.508712287249482670e-03, 4.144312826027155353e-03, 1.619007678208181020e-03, -9.834410479674952563e-04, -1.23165838538003e-02
-2.436649729662537789e-05, 1.861573220927712803e-03, 1.382500965870026369e-04, 3.305693550537652098e-04, -1.645627667338216572e-03, -3.568679910678684321e-03, -3.123688860957163534e-03, 5.554093363362077804e-04, 2.629698414371634853e-03, -4.972654573164712703e-03, -8.520143714131908977e-04, 7.721847397128504126e-04, 2.990184517442932149e-03, 2.079899642686545112e-03, -3.460574995702445089e-03, 2.092703460356666427e-03, 3.264064164995672188e-03, -4.072991942204489541e-03, 3.143217992508419434e-03, -2.253970294620693832e-03, 4.970117339834861231e-03, 2.255985725135026959e-03, -2.621023103784599507e-03, -1.089778623138274068e-03, 4.997905182324057297e-03, -2.266323735801587403e-03, 4.529811500456022016e-03, 3.586889645677692959e-03, 2.488148290749407979e-03, -2.148794402440485328e-03, 2.891320628371111395e-03, 1.843647283252578851e-03, 4.315338906503795799e-03, 4.670247413766627498e-03, 2.742708009087840675e-03, -2.587906220613404775e-03, -4.858808571195593479e-03, 3.795973570272960160e-03, -9.37489469563114e-02
-3.641803288609640407e-03, -3.850020849577744965e-03, -1.548674162623608474e-03, -1.957002322139827187e-03, -3.125401523308870069e-03, 4.397910310359940539e-03, -3.877513920238636128e-03, 4.349811426324403166e-03, -4.838668910653671357e-03, -1.951940047523859946e-03, -1.718479020353434403e-03, -2.098435057931265744e-03, -3.495631102247538473e-03, 2.237073156708138666e-03, 1.810539570212633086e-03, -2.756265492578412451e-03, 9.350194537140798026e-04, 4.599030663259727134e-04, 4.121348426883960844e-03, 2.712294874247736347e-03, 4.640873157237886126e-03, -9.240509340738001232e-04, 1.744706646418746170e-03, 1.735599338496486913e-03, 1.354701047978553244e-03, 2.566257584473190939e-03, -3.689752836268613955e-03, 4.197402800424528124e-03, 2.979179757562623945e-03, 2.812018814892939048e-04, 2.561398084196742780e-03, -4.285003470108289005e-03, -4.229625738481793823e-03, 3.351760238608607334e-03, -2.803552945277452621e-03, 3.143038312613512242e-03, 3.216993808369674607e-03, 4.982227021465172184e-03,  2.13258158872300e-01
1.579410451070854988e-03, 4.772988739365317812e-03, -3.107390676132550794e-03, -3.065740403720099844e-04, -4.984626355804016272e-03, -2.710835378231556299e-03, -3.226088745880368105e-03, -3.266867610397612351e-04, 4.476187146041131840e-03, 3.045699682003220193e-03, 3.326415978233151702e-03, -4.885724265578571431e-03, 2.061162137501511109e-03, 2.539895830654489116e-03, -2.945903505041169192e-03, -1.440545077293157658e-03, -1.292164338216826667e-03, 4.522007144502494802e-03, -3.664774928620878093e-03, 1.327404919430610550e-04, -2.818959585505027930e-03, 1.538544319568127365e-03, -4.727735251437476145e-03, 3.217270866392301157e-03, -4.680038553581631136e-03, -4.385668602329863622e-03, 2.518621180580653263e-04, 1.608668485359174456e-03, -4.812457376979916920e-03, 4.674489382724576411e-03, 2.631255954854445391e-03, -1.749857961651710148e-04, 4.433888122502595286e-03, -3.622578119154371695e-04, 1.691026208263939935e-03, 1.416267173711995876e-03, 4.007736544855110272e-03, 1.118439817093645067e-03,  9.68857277915512e-03
-5.847323260093515926e-04, -2.079987252885329152e-03, -4.585090055132688344e-04, -3.715400088734031186e-03, 1.574794721583522988e-03, -1.056470199430168885e-03, 2.288172265969366098e-04, 2.898656254532514312e-03, 9.178674771027350854e-04, 2.608081650979916614e-03, -3.108574445783033983e-03, 7.230131099473140546e-04, 4.411273462181376781e-03, 1.049422700546510066e-03, 3.598899020127324308e-03, 1.747050588853096484e-03, -1.786763927882745705e-03, 1.841060704093441802e-03, 3.455536847546090973e-03, -2.089545870847512535e-03, 9.896778096178324158e-05, 2.495281965146327677e-03, -3.404419985509028225e-03, 4.289715700647463159e-03, 4.376851899337511759e-03, -8.439295956765915929e-04, -5.564752147646841868e-04, 2.930267995893479083e-03, 2.648633101245956127e-03, 2.823816765375092991e-03, -2.822563396567825608e-04, 1.863431224424427421e-03, -1.694471728380236679e-03, 4.055132459530531169e-03, 3.626464996249681091e-03, 1.702900443467762759e-04, 2.440765148794213184e-03, -3.374254688016829415e-03, -3.13205686847195e-01
6.674705818411541189e-04, -4.187459645400465856e-03, -1.830122409087630957e-03, -3.887833906719134064e-04, 4.660346296004428540e-03, 3.469901029375098769e-03, -1.456485900081402624e-03, -2.031163638403123660e-03, 2.803651889114759134e-03, 1.207972764643624325e-04, -4.043941989967763696e-03, 2.117045663262916502e-03, -1.657434103677547180e-03, -4.378566294243334961e-03, -4.256972557749798963e-03, -4.404550563639585657e-03, 1.468203549537646681e-03, 2.707907291282367866e-03, -3.492778588677185325e-04, -2.767225078871025489e-03, 2.856431109605352126e-03, 2.694113859241478899e-03, -3.969280072394306205e-03, -3.335033876062167522e-03, -1.888393771158941321e-03, -7.426611248072716512e-04, 3.509427006349964684e-03, 4.025962710194204777e-03, -3.610172915913308772e-04, -2.781021396410419955e-03, -3.731225622687584995e-03, 3.797464933808863963e-03, 1.850401970608897724e-03, -2.864087134629219201e-03, -1.724612180006336593e-05, -1.057677307705340297e-03, -3.961555177529361288e-03, -8.192655198741311678e-04, -1.02436589281737e-01
4.242086020484195016e-03, -6.677277401805157414e-04, -1.554759094999586064e-03, -6.360853759130912291e-04, 8.565059786355697438e-04, -2.006426236758115239e-03, 2.745012686371908761e-03, -2.165805963226234698e-03, 2.082180815097854111e-03, 2.798808050488600999e-03, 1.816317740401150564e-03, 6.188645528644801108e-04, -2.006411375298514099e-03, 3.194209341038358949e-04, -4.429126373761941779e-03, -2.233292260669183290e-03, 1.149577034240582309e-03, -1.943396392374310572e-03, -2.443149688032008465e-03, -3.362419266428690046e-03, -3.853103986605529996e-03, -3.743612415757911066e-03, -1.281150238438982531e-03, -3.440190397579643775e-03, -3.539292887154034568e-03, 3.359923170801134423e-03, -2.575751703907912683e-03, 4.364451056479399377e-03, -4.915468906805131079e-03, 1.455169284682578806e-03, 1.804525441159924963e-03, 7.687846966648584010e-04, 2.953744798787329151e-03, 1.053341812094209760e-03, -3.993666275701584709e-03, -4.496334166587455036e-03, -4.688830523657058422e-03, 2.008700892265904807e-03,  5.24697689447571e-02
9.048032865361255866e-05, -2.372755571043474922e-03, -4.007112747424079399e-03, -1.589089494912820488e-03, 4.257097859831573614e-03, -1.655986649738100044e-03, -1.614299442283223095e-03, 4.158610230080872841e-03, -3.635561209889161434e-03, 3.176077507260101351e-04, 4.172783110175722066e-03, 3.973376214190291189e-03, -3.757433698196159869e-03, 3.868338972275594048e-03, -4.777978218743509850e-03, 3.110314802961736472e-03, 2.393793274021015043e-03, 3.524618486298421866e-03, -2.412430907307103276e-03, 2.267950434307804478e-03, 1.994211308275197977e-03, -2.256959483583309469e-03, -2.924717110001817839e-03, -4.402306929885859213e-03, 1.541160022830535825e-03, -2.848686343470242712e-03, 9.390596102797103481e-04, 1.306224976783849044e-03, 4.922217229709669253e-03, -3.679766998378547482e-03, 3.889099370412818502e-03, 4.855342141376936538e-03, 1.532411019938482305e-03, 4.738391909499846746e-03, -3.400102471188657001e-03, 3.307845862604146328e-03, -1.032607508345819054e-03, -5.999078768373460047e-04, -3.22781498934772e-01
4.680222460339571525e-03, 4.971530990185131851e-03, 1.012618486748058377e-03, 1.318058766357257591e-03, -4.522107082002560161e-03, -3.527012957874527468e-03, 1.577069086117202298e-04, 1.708839240969328016e-03, -4.270301490760153654e-03, 1.286049447608158917e-03, 2.995016646318363063e-04, 2.943629667476214615e-03, 2.520145159560427048e-03, -2.397807835710120093e-03, -3.323272870788627348e-04, -3.826681096291324052e-03, -3.440306635543181196e-03, -1.256165075324857522e-03, -8.695819179352923603e-04, 7.348145794169157891e-04, -1.654513729565827707e-04, 4.668422556462223719e-03, -2.478851073377569009e-03, -1.341958026384098331e-03, 3.106253207374497574e-03, 2.015736293815755323e-03, 4.218933369016988205e-04, -4.530451348248849472e-03, 2.556053012712778717e-03, -4.484446832725626740e-03, 1.498012952985156021e-03, -9.854655565715454008e-05, -2.507910842894325431e-03, -1.326213416072382408e-03, -3.493814307985107503e-03, 3.687163731279110429e-03, -2.783757060476474074e-03, 4.965714217385092111e-03,  1.56928723387858e-01
-3.482035532763338298e-03, 3.584300810116503727e-03, -8.800919505520315642e-04, -8.811728964447079065e-04, 1.760936946001598509e-03, 2.286245727283695191e-03, -1.076956128597630381e-03, 4.860322878698310547e-03, 2.418962392629446512e-04, -4.242697457373282612e-03, 4.603707655428914552e-03, 4.129110052256811797e-04, -2.694806056812625028e-03, -1.500748051569036467e-03, -1.378926815914162558e-03, -3.997608741621044674e-03, 4.714922337945912437e-03, 4.488943872337187307e-03, -4.556234281020412821e-04, -1.123196484491873186e-03, 1.423576906417253068e-04, 1.794257193620096141e-04, -4.899240586168465347e-03, 2.404500063868455183e-03, 4.138074891448044121e-03, -4.250489139027862663e-03, 8.101000168188581679e-05, 2.181039284611220944e-03, -4.173842840061102802e-03, 3.478924571535401897e-03, 2.607583773379639966e-03, 4.430824933231471141e-03, -8.309741697709897498e-04, 3.182703678819712514e-03, -4.822091740272841862e-03, -1.604768982984353543e-03, -3.788584741446404495e-03, -3.760257090545064858e-03,  3.87639901763046e-01
-2.849896378131974717e-04, -6.859835168036530761e-04, -1.159959056473396175e-03, 1.361880373619414261e-04, 4.003148863808238256e-03, -4.783571032296049866e-03, 3.064821322579035223e-03, -1.056954830323117260e-03, 1.087692624446517410e-03, -2.899401546972337450e-03, 4.925360037104978966e-03, -3.574113704293660140e-03, -5.392700940847622304e-05, 2.196585243035091214e-03, -3.806131222801007168e-03, -3.716531857336554095e-03, 2.987711355262509180e-03, -4.972707421892682937e-03, -2.169707794804603095e-03, -2.163212086158877636e-03, -1.460740789999666681e-04, -7.005712927866461492e-04, -4.999593989438277930e-03, -3.044093513852500800e-03, 1.066289511526203118e-03, -4.085344934462031494e-03, 2.676510199320791643e-03, -3.966403172153559059e-03, -1.734853033290128209e-03, -4.124640194631477332e-03, -2.742956961061116059e-03, 2.842925223956578595e-03, 1.028612403843386612e-03, 3.090893405946950473e-03, -8.411680712356022632e-04, -1.756338595709772826e-03, 1.024154758945699031e-03, -4.322158778024298188e-03, -1.22792483973771e-01
-3.282282770267061153e-03, 3.671385146352793699e-03, -1.626953442050762741e-03, 3.240827752249176089e-03, 4.756504182188621768e-03, -3.992107741529206041e-03, -6.318612302972908407e-04, -8.912323231762856943e-04, 1.557468903991602281e-03, 1.553816947823923045e-03, -9.666540344011268632e-04, -1.120438263693204935e-03, 2.801005456732580216e-03, 4.361035777289995474e-03, -1.227484883533400996e-03, -6.625093053852035979e-04, 2.781278531017531905e-03, 4.601122719794174809e-03, 4.028867252762522930e-03, -3.524166846139394245e-03, 2.038560235316821609e-03, 4.511733556015641924e-03, -4.194476665027322207e-04, -4.467925944447690388e-03, -4.982293709428790504e-04, -2.383863633044077616e-03, -3.750778376455965978e-03, -9.406519135477702312e-04, 1.497269134009627037e-04, 4.747611292199485633e-03, -4.699615715771801074e-03, -1.011112337988386185e-03, 2.431625333788542571e-03, 1.739783321418495940e-03, 4.001511875085054029e-03, -3.374313398743276991e-03, -2.111108866993452286e-03, -2.767798004292370412e-03,  5.08667790555282e-01
-1.854660386862865256e-03, 2.040272793756856343e-04, 3.451194008011861450e-04, -2.739609805249549387e-03, 3.861626004383741581e-03, 4.776038717208734921e-03, 3.046821120384592824e-03, -3.859219985306668391e-03, 4.963841400553477626e-03, -4.474009716006184176e-03, -1.085275051134925416e-03, 3.402970892341610279e-03, -4.265526768742924739e-03, -2.941396658078087450e-04, -2.090871575301127272e-03, -1.726500461217294995e-03, 2.921594482736154449e-03, 8.082457723843482905e-04, -3.035076997274647678e-03, -4.237735664410235449e-03, -1.717809488136534928e-03, -2.824914037930531963e-03, -1.101160574213805310e-04, -4.220628693406188944e-03, -6.190144532957500903e-04, -3.266204068410917538e-04, 8.498394533566410933e-04, -2.870376650548678733e-03, 3.220522063290395462e-04, 3.958456676585432599e-03, 2.990510054093108508e-03, 1.906342026330327781e-03, -3.349036651584981397e-03, 2.883827995311215656e-03, 3.809179950597301606e-03, -2.291446011412751321e-03, -8.487564357134401438e-04, -3.478577768955324820e-03, -1.64158892594650e-01
7.618663643503440983e-04, -3.458765025552466756e-03, -1.590459910020156249e-03, 1.935786169229208875e-03, -2.423404078111097548e-03, 1.113988837107348501e-03, -4.380974907162469428e-03, -3.101616380971868384e-04, 7.588849745590563189e-04, -4.316158346863104706e-03, -3.608644462037680946e-03, 1.533483029431422125e-03, 2.422849316515292631e-03, 2.810167021477213804e-03, 2.795218840444647392e-03, -2.363032628677946227e-03, -3.218259602853914582e-03, 2.335155663521462817e-03, -2.337182296296128406e-03, -1.400286521351910146e-03, -4.264831581346770380e-03, -1.732675155793517337e-03, 7.122877348732714262e-04, 2.298845690252923277e-03, 1.194803476127142411e-03, 1.547638504025549214e-03, 2.454675923576318634e-03, -3.487473113121051203e-03, -2.852231983283792707e-03, 2.201751780023641220e-03, -4.258413481968663719e-03, -1.486906469623904079e-03, -1.871756316972882864e-03, -2.608213318745721074e-03, -3.615663685953522145e-03, -3.974696310659636689e-03, 1.507359370779118996e-03, 2.848566021979592050e-03, -1.05266476156866e-01
2.736601068934086702e-03, -3.418381579517801219e-03, 4.879262418424783199e-03, 3.206539737989490269e-03, 1.586929241128617885e-03, 5.813982817701379355e-04, 4.071603979103843168e-03, -4.043904474709179159e-03, 3.299853289967036654e-03, -4.056541944590401870e-03, 2.559316600991285232e-03, -3.799235491773927335e-03, -4.038801747785537334e-03, 2.018379325514426878e-03, -2.030496901978133800e-03, 1.247683894329346121e-04, -3.878474218467578907e-03, 3.105397837329833266e-03, -1.786090147940398373e-04, -3.203720312993752189e-03, 3.579585484442981969e-03, 3.173453962599338471e-03, -7.190407132207279201e-04, -2.018511007620734082e-03, 3.241560699535881579e-03, -3.246172958627145406e-03, -7.414575599212465742e-04, 1.154078754882535175e-03, -3.746424972472268012e-03, -2.991484640990658538e-03, -3.620925271974276098e-03, -1.524825652972986063e-03, 3.804760060600433438e-03, 4.148873463747678250e-03, -1.332622269349271939e-03, -8.439108561171439898e-04, -2.862084348305932256e-03, -1.038971184607040237e-03,  2.09252052344482e-01
4.122558183661136771e-03, -4.221888749029345522e-03, -4.471865774936307179e-03, 2.338051742922766553e-03, -5.619279932748367720e-04, 7.241397739626686397e-04, 9.563210105347358381e-04, 2.117056537311025506e-03, 4.457992892004155466e-03, -2.822199741681819321e-03, -4.115707892635312587e-03, -4.078593112195587171e-03, -4.200874593555540062e-03, -3.276045557627484985e-03, -1.105060302437785042e-03, -6.200903833331041989e-04, -1.588467355286287894e-03, -4.436473588554649267e-03, 2.651777162210600981e-03, -2.368776121087359712e-03, 2.425359836211644395e-03, -3.146439130514249588e-03, 1.034299265753118105e-03, -4.054127362467041008e-03, -1.132963261604938085e-03, -3.631082146094082030e-03, 2.903290726506566055e-03, 1.883691437773539479e-03, -5.572330062623342614e-04, -4.512554447323172645e-03, -3.249353077825381086e-03, -4.310967697214701522e-03, -3.524404531764170970e-03, -1.185810259230399982e-03, 3.507818155223526094e-03, -4.185183837965473358e-03, 4.474656311621529395e-03, -2.061509215699019841e-03, -4.37832486377614e-01
1.242010632013020033e-03, 2.517340029210089064e-03, -9.708484211858907018e-04, 7.495432539784850287e-04, 2.581694653733593997e-03, -8.757580424371145048e-04, 4.946670739499055974e-03, 2.300426882265281178e-03, 1.761833045908706499e-03, -2.273889608051190853e-03, 1.201599362283916651e-03, -3.910933891574863534e-03, -3.154790070410809326e-03, 1.794167473725087961e-03, -3.861628033007873974e-03, -1.460085825846780139e-03, -1.218759015205937019e-03, 4.581496477891286445e-03, 4.518314112480284472e-04, 2.422634155337426848e-03, 1.762387764459244846e-03, -2.697496837588122739e-04, -2.150612755647565016e-03, 9.076342920352059584e-04, -1.750955091396574556e-03, 9.851381495945936428e-04, 3.470413067355510375e-03, 6.949324981704420659e-04, -3.294506860659820319e-04, 1.559617047713754076e-03, -4.448522505914095232e-04, 4.631146303238475176e-03, 1.124309820835115575e-03, -8.623152897789887819e-04, -3.007479101031626176e-04, 6.449629499328812798e-04, -2.896532738314344397e-03, 4.184977938449570972e-04, -4.61324660079410e-01
3.271233650610121460e-03, -4.256286306248462104e-03, -1.708088830879982405e-03, 6.130243105673663026e-04, 6.024001660400587696e-04, 6.025588312265914639e-04, 4.236390760041484210e-03, -5.074004551648718039e-04, 1.712341844392431013e-03, 3.020745545152010367e-03, -2.440478328210243537e-03, 5.449441206388464659e-04, -3.325401771144030107e-03, -3.439757134883511362e-03, 1.125523705685118649e-03, -5.005901120022568374e-04, 3.953044041914276913e-03, 2.959046167436692881e-03, 2.762945630361119363e-03, 2.389779368964665973e-03, -4.432089993637779862e-04, 2.566269320348772177e-03, 4.812717181899458380e-03, -4.936576747779954089e-03, -7.538483490925262584e-04, 7.512201695611597438e-04, 2.188847769365911966e-03, -3.939866186708282716e-03, 2.664821434751562385e-03, 2.728230159154572225e-03, -3.419165315985074963e-03, 3.932024516410566328e-03, -2.283020799280008686e-03, -2.910207241779200118e-03, -2.675784602678753319e-03, -1.375005866659277654e-03, 2.798235920076927452e-03, -4.491838004389691469e-03,  2.62434554705146e-01
1.929899921927725678e-04, 2.266230747802092972e-03, -2.050033424939856457e-03, -9.428812796074236002e-05, 4.546257307347183890e-03, 3.726703067832157906e-03, 4.648138686151078239e-03, 1.485908597739103200e-03, -2.977368477353288176e-04, 4.760638785617757676e-03, 2.477472537858124886e-03, 1.105343928903177418e-03, -3.937802060330310855e-03, 2.372443642357398297e-03, -2.679719832428365933e-03, 8.904229038867788812e-04, 4.301247630896639848e-04, 3.211555716132907801e-03, -1.955194990332172113e-03, -1.857490460124238026e-03, -2.675050370010588138e-03, -3.573881646025591635e-04, -3.689090712124424437e-03, 1.211811355447693118e-03, 2.074175197046941414e-03, 4.356401923070156099e-03, 6.903251417413611493e-04, 4.065342041929894887e-03, 2.017022546545920759e-03, 3.833967292065186896e-03, -4.302899697352010125e-03, -6.009289608506817107e-04, 1.816001018607339007e-03, -1.443633682759793736e-03, -1.507941933452747445e-03, 6.218218664367294868e-04, -8.838466784397260370e-04, 4.163549843679561005e-03, -4.69305005598583e-01
7.788666277712998076e-04, -4.719176482153513569e-03, 2.723660387779987084e-03, 2.263012006055416594e-04, -8.168494886356377285e-04, -5.643142978065040713e-04, 4.896020704560801254e-03, -3.751131362076526310e-05, -5.833895918639243200e-04, -4.993786882982386918e-04, -4.294963594472840478e-03, -4.736404305579543922e-03, -3.835698161498764247e-03, -1.507350462711084041e-04, 3.550305543253178681e-03, 4.836249562102237082e-03, -3.968700483805799595e-03, 3.250705917387805913e-04, 2.191949839828611496e-03, 2.535960575413380436e-04, 4.873263733768640540e-03, -1.697114669649161210e-03, 9.720173068472068648e-04, 4.737668413102717399e-03, -1.632217911755570391e-03, 4.766670934551475031e-03, 2.847088212989920195e-03, -4.648140283141418555e-03, -2.442834786469893615e-03, 1.146201755830744684e-03, -1.724673520787234869e-03, 1.175119622975216195e-03, 4.572686455550704215e-03, 1.516679291084222642e-03, -4.760691743600996804e-03, -2.382710939484930946e-03, 3.602984129769976063e-03, 3.641761641494829782e-03, -2.70417905598998e-01
3.091504283978790263e-03, -5.680814939360906077e-04, 2.262578214922510676e-03, 7.802384206192190808e-04, -1.266834399529559278e-03, 1.627609043755237628e-06, -3.133669542786198317e-03, 4.386326756772822646e-03, -2.971949834281879029e-03, -1.080479130788217570e-04, 2.052277928870950563e-04, 2.543847371718740979e-03, -3.561600199720413654e-03, 2.046115413252904379e-03, 3.386211947562136476e-04, -3.903247715628486037e-03, -1.045505758194669767e-03, -2.192685876297991408e-03, -7.851270837935147087e-04, 3.017790236253684380e-03, -2.841015150177958297e-03, -2.340172246922712918e-03, -2.422842341459510978e-03, 4.617725391220109735e-03, 1.640622686558228238e-04, -4.541130665115263206e-03, -2.865729403998827033e-03, 8.695562285572768987e-04, 8.275335926331605155e-04, 1.373339503446813215e-03, -1.446156003153988012e-04, 4.091997924554243923e-03, -3.425196544045317620e-04, -3.062485099991235984e-03, 1.658302549000947521e-03, -3.041605443779627372e-03, -3.312914918419492503e-03, 3.848786624786515800e-03,  1.15542072908141e-01
1.499521032660321683e-03, -1.247833732749012783e-03, -2.015243414019000836e-03, -3.956178096462597757e-03, -8.610198148942026578e-04, -3.341424590594311260e-03, -3.477410443175383767e-03, 2.519450668074007041e-04, -3.424313570080113767e-03, -3.705273215014904566e-03, -4.316011347951188501e-04, 3.975462261870644012e-03, -4.905886812855920522e-03, -2.811743466872634097e-03, 1.464309746487093070e-03, 1.007843457128798810e-03, -7.226164656044878343e-04, -2.431854670663169318e-03, 8.311419657393440477e-04, 1.617677063868571546e-04, 4.396259147175351351e-04, -2.516218642028444485e-03, 3.828695677959181864e-03, 1.579135163976236843e-03, -2.733080873465766874e-03, -4.199695151224293321e-03, -3.076466553294159544e-03, -3.741036008835272025e-03, 3.301775539503292584e-04, 4.768884755954461499e-03, 6.344143770820563633e-05, 9.579442587515198462e-04, -3.738113413766101616e-03, 6.081317290930008529e-04, -4.292013397564343330e-03, 1.735057958450469083e-03, -2.245842517212038886e-03, 8.248819199849774866e-04, -2.04107090239979e-01
2.993578285122262816e-03, -2.726000244178788858e-03, 2.523826839231686596e-03, -2.467406569321532739e-04, 2.861037949946132475e-03, -4.425929032041924990e-03, 2.993361059445550851e-04, -1.787770350117354103e-03, 2.562355450625894773e-03, 4.354261052684318609e-03, -4.503385127361379629e-03, 3.722669927056856259e-03, 1.773624566261565103e-03, 3.497394405910035642e-03, -1.810955827962399539e-03, 4.947213973960499708e-03, -5.610824480627770589e-05, 4.473167932959754706e-03, -1.218316411754503427e-03, 4.890667624402095584e-03, 1.582639366758328836e-03, 3.814604735346739314e-03, 1.219468751846858670e-03, 3.610947445028891978e-03, -4.934765511721022138e-03, -6.312607753201941382e-04, -2.919107969279403480e-03, 2.249537057833588850e-03, -8.909438346317369306e-04, 4.879608349667967013e-03, -3.854269160622209554e-03, 8.734113505123285159e-04, -2.756958072178928090e-03, -2.740101272932732833e-03, -9.231405291465358612e-04, 3.222128059903470523e-03, 6.078771841935056569e-05, -1.504896210541986981e-04,  4.33634965323601e-01
-4.690755921096041031e-03, 2.232130705411398269e-03, 1.517548843714968190e-03, 3.332433083726910050e-03, 1.259360679116087317e-03, 3.597619427926393790e-03, -3.663641656431951797e-03, -3.910292779311260597e-03, -2.695515088703753434e-03, -3.959080144559252827e-03, 4.106896008490274960e-03, -2.369972736301000776e-03, -2.929427680251417768e-04, 4.990406715576555657e-03, -2.985529648778964800e-03, -4.156867092076954422e-03, 4.800229410908560257e-03, 1.109384526804093121e-04, -2.500613283657389732e-03, 3.410926499752770305e-03, 4.267075568977580710e-03, -2.409719511097473208e-03, -4.797427670755567350e-03, 2.576545600583385505e-03, 3.647496304208942830e-03, -4.910776123243609272e-03, -3.835971772690239569e-03, -4.770120420183129699e-03, 1.210004405589088124e-03, 2.998890775576095249e-03, 4.716633124999447882e-03, -2.057998884938007107e-03, 3.585685085929907201e-03, 4.255450605035135739e-03, -1.564226394963979215e-03, -1.898418617757966984e-03, -3.194807231349863341e-03, -1.516272597013363158e-03, -2.49050768917847e-01
3.231328228250184703e-04, 3.195825104656321164e-05, 8.744609927368272861e-04, 1.241121668417621143e-03, -2.263093708936273277e-03, -3.082969182014562784e-03, -2.146127394113733246e-03, 3.515831661673617450e-03, -4.235832527820219094e-03, 4.330910271749019436e-03, -7.413872724566644701e-04, 2.768460788327195554e-03, 3.696945647837299523e-03, -1.456185851498306358e-03, -1.737762786817343818e-03, -4.358335971469108790e-03, -2.702444561828600596e-03, -2.890935891422682924e-03, -4.064402844861005754e-04, -5.050586313318037451e-04, -4.325182622290680255e-03, -1.937454674221480207e-03, -1.041671723241417366e-03, -2.134685681005488427e-03, -2.867697993981245617e-03, -3.265141758017824775e-03, -2.601272896173177293e-03, 4.614528890900110314e-03, 1.713277564568696509e-03, -1.056639443587055818e-03, 2.302409131194848441e-03, -2.838027262904057376e-03, 3.998513388352456510e-03, 2.367490729061330276e-04, 4.346214230886906102e-03, -2.367439030125815299e-03, -1.278784971556084105e-03, 4.806630548133763309e-03, -2.73577271063306e-01
-3.431803353434616406e-03, -4.410136265253139162e-04, -3.139446398659672711e-03, -4.191762590381306261e-04, -3.434288639830761908e-03, -2.833736954273796595e-03, 1.944641725561906988e-03, -4.527920275404398454e-03, 3.310722387087393706e-04, -2.606424670965235176e-03, -1.980224294931148561e-03, -3.490463027757167731e-03, -2.480830300329002827e-04, 1.442160246315775558e-03, 1.287318386028241460e-03, -2.039817144052673194e-03, 4.759252990351507673e-03, -1.627997800494435446e-03, 6.355100605177537235e-04, -4.208065068645064008e-03, 1.239641126930817079e-03, 3.449918775955422914e-03, -1.254100766457963683e-03, -1.794141714136032392e-03, 4.672705688543565133e-04, -3.833255870548712800e-03, 3.435063705369211309e-03, -3.044747320163212340e-03, 3.713821914749580733e-03, -4.817693933375811165e-03, -6.811085025506492460e-04, -3.983777488864942429e-03, 9.424863676642282473e-04, 7.131975427582997254e-04, -2.728691773237825434e-03, -8.647503045875358160e-04, 3.783161037235574162e-03, 3.285214247461873752e-03, -2.23469789995123e-01
-4.268553433075297429e-03, -2.677494616636685171e-04, 3.486563884853742176e-03, -1.948307870905259184e-03, -3.606993089982435743e-04, 1.559535480543371502e-03, -9.599487381852928047e-04, -2.675723116126790986e-03, 2.765685200301540476e-03, -3.666095398443036668e-03, 2.068009756821975742e-03, -2.610243530872487835e-03, -3.627600841410076084e-03, 1.802868782499968472e-03, 4.357387816938836783e-03, -4.083122732214307209e-03, 3.195040872290272685e-03, 3.602200311715715586e-03, 1.369444977120818328e-03, 4.361352157907973787e-03, 2.591266913516693769e-03, -1.469466573901973255e-03, -3.990792722724139166e-04, -2.957282228719083483e-03, -1.272673583538422651e-03, 1.037838139485592476e-04, -1.025884321816778431e-03, 5.663328175941652332e-04, -1.597760158077465766e-03, -4.899390649545218822e-03, -1.523487618595007267e-03, 1.748984030659218522e-03, 1.259210042007376934e-03, -1.085315549181006117e-03, 2.557661569413195550e-03, -1.283379720871619199e-03, -2.303705615991299277e-03, -2.137214783738570698e-04, -4.23222083037539e-01
-4.343206874201268296e-03, -1.411664091882707146e-03, -1.401267037355972359e-03, -4.036466153496237261e-03, 1.096676760924957146e-03, 4.694249928815844713e-03, -4.872215303825667802e-03, 1.756303498588365763e-03, -1.109099931703510893e-03, 4.146102927892260023e-03, -8.787053575735372102e-05, 3.680032542597140577e-03, -3.709138981254566595e-03, -1.044355250564531212e-04, 3.880653510859732522e-03, -1.794176254987343497e-03, 2.232847141785119713e-03, -1.220889633183156256e-03, 3.655925014259724451e-04, 4.963660994751034963e-03, -4.290007767380447576e-03, 2.385491556632088513e-03, -2.435106650793385577e-04, -3.632022681854200213e-03, 2.824665283415997777e-03, -3.613068962133057782e-03, -2.013101548908003465e-03, 1.870636323632692867e-03, -1.950749435295030376e-03, 3.642185017134601938e-03, -2.120075092918670499e-03, -3.430794437900772098e-04, -2.860473189383459097e-03, -4.551960132607404085e-03, -6.162620801137596097e-04, -1.649996793358485606e-03, 2.920383608279572898e-03, 3.374001367754135908e-03,  1.40369122882100e-01
4.140882784945294770e-03, 4.799666785391794310e-03, 2.286420571761880842e-03, 1.894057096251106249e-03, -3.947118295949396394e-03, 4.731141539714817448e-03, 1.444268173264506329e-03, -2.950508377528690725e-03, 4.256835996360897045e-03, -4.667687058343402383e-03, -5.903179936927547417e-04, 3.118840116381931329e-04, 9.867670509234455212e-05, 4.733434771218627060e-03, 1.231357413297631126e-03, 3.567384991714019765e-03, -8.772522860601853281e-04, 1.383886140058980009e-03, -4.575668546936790745e-03, 2.903751472570237704e-03, -2.337159256804410314e-03, -7.307885198639769639e-04, 1.437949472744746125e-03, 2.189217108001686833e-03, 2.614937677362754766e-03, -1.390934281495222885e-03, 2.421464920924019243e-04, -1.037023531295616641e-03, -2.312037239510409195e-03, -2.245262415378649918e-03, -3.445072903380202653e-03, -2.595441372133991138e-03, -2.993186481992395325e-03, -3.209254844601566563e-03, 2.481932516629425066e-03, -1.000622147452633059e-03, -4.720692480837608736e-03, 4.455966959322670354e-03, -2.30616224038756e-01
4.410202121456551633e-03, 1.510948823699321229e-03, 1.732875315738542990e-03, -5.049829411795979731e-04, 9.013957263207519541e-04, 3.926484974805391839e-04, 1.686786232906506595e-03, 1.673838330098929503e-03, 4.773552451580476488e-03, 9.134048455389448887e-04, 2.584288531006208312e-03, 1.755707882232435124e-04, -1.831981063203805792e-03, 4.703544669893167454e-03, -3.996162353592748982e-03, 1.423357409598705742e-03, 1.681939129425982435e-03, 7.530736089855459559e-04, 8.961999519730501698e-04, -2.471968499734282770e-03, -3.572347815485188514e-03, 1.103625896174071155e-03, 4.525248683759416218e-03, 4.528967539560529998e-03, -2.690254183004727254e-03, -2.322734571388158486e-03, -1.993036109896401554e-03, 2.157269470579487557e-03, -2.491648665015853970e-03, 1.097606747958797431e-03, -2.978533557621176886e-03, 1.417111969365883982e-03, 2.201953042544019939e-03, -1.062135105969023996e-03, 8.652880408786282548e-04, 2.036642353453956174e-03, -2.672383786789215340e-03, -4.130532653993528730e-03,  3.57775263341292e-01
-1.360446325928184146e-03, -2.172246802265209199e-03, -3.824141571079810262e-03, 2.445146242549001321e-03, -3.329600262992240666e-03, -1.516514372183844130e-03, -4.628649653179973955e-03, 3.079407054198513016e-03, 7.077561574018497240e-04, 4.150639321179500768e-03, -1.567849823421375854e-03, -2.809733578146643863e-03, -1.103970136891877733e-03, -2.341075452503262912e-03, 2.766409317433153603e-03, 3.180290614271384306e-03, 7.348614400556853152e-04, -1.468889944021242386e-03, -4.353734930476181077e-03, -3.874222003061159915e-03, 4.365933567205212279e-03, -1.109609741471043968e-03, -3.803193788894947049e-03, -3.963620556734214449e-03, -3.370551470362055137e-03, 4.568312156579731539e-03, 9.855607919779180506e-04, -5.489834716042854210e-04, -3.833548866398258682e-03, -1.107250779097603867e-03, 6.827661203200972168e-04, -2.979515577030420262e-04, -7.140056959496930353e-04, 4.347684031808482161e-03, -2.140049205972276766e-03, -3.200588861630399278e-03, 2.618102586985325553e-05, 5.463876297585610123e-04, -1.84010722155791e-01
-2.913003846145362490e-03, -4.497918078787382923e-03, 4.965416412588886941e-03, -3.803417293641496010e-03, 3.175265394162535976e-03, 9.453394240921154934e-04, 2.352942449185276008e-03, 1.155656899678676741e-03, -1.196071455414212358e-03, -1.336352076395010829e-04, -9.783010281094765490e-04, 6.642998022797982904e-04, -4.408369360892468343e-03, -4.559137667300443633e-03, 2.216191415684868639e-03, 4.400800729280795326e-03, -4.489756813569850506e-03, -4.138009254910385119e-03, -1.505947251377850061e-03, -2.677355758838023854e-03, 2.828396962303761364e-03, 2.576669748523796079e-03, -2.840593017703812138e-03, -1.902176946857639817e-03, 2.875512970881934083e-03, -1.993556495517803499e-03, 6.359230932128610847e-04, 3.106533316866777472e-03, 4.002148055258985399e-03, 6.086615785186105451e-04, 2.063728510492560467e-04, -1.451395746005534546e-03, 2.860748034405599660e-03, 1.394008022809867242e-03, 2.781581923909100251e-03, 1.903541836347387960e-03, 1.383068459707687166e-03, -4.779741608828901034e-03,  4.11919559571054e-01
-1.293205867815021629e-03, 4.050095859454776528e-03, -9.015088061026651708e-04, -4.215584252786137159e-03, -4.130202174711038524e-03, -1.803418612967488607e-03, 4.943928437168409323e-04, -1.970259252217394352e-03, 4.103676294948222641e-03, -2.435551377973513374e-03, -1.781736348793227283e-03, 1.553439730606205951e-03, 2.120352144509092887e-03, -3.191782006920019024e-04, 3.972751179121974258e-03, -3.914400746285115473e-04, 9.808054340067267826e-04, -2.232949116785433452e-03, -4.229257704247178958e-03, -1.376497821924815932e-03, -8.660031511203529486e-04, -2.795232446863191340e-03, 2.358280240234139798e-03, 3.526779527172396733e-03, -4.287698251428396709e-03, -1.720432852568343652e-03, -3.877942581144604769e-03, 3.533997090515685752e-03, -1.023960145912002941e-03, -1.914888229088981732e-03, -1.290348795272756258e-03, -1.976393724976423846e-03, 3.359272586770659791e-03, -2.574152840766073640e-03, 8.844444100672655892e-04, -2.759364743051698557e-03, 2.286804058241921622e-04, 4.374235484979459992e-03, -8.14696304056658e-02
-1.249573260852703937e-03, -1.585383533125310496e-03, 3.846013257899863480e-03, -1.186667813094571030e-03, 1.630342150486536329e-05, -2.531275130284566487e-03, 4.426365253846546027e-03, 2.156394899155649955e-03, -3.043777715239951581e-03, 3.755841819163153322e-03, -9.004350197993572433e-04, 3.043216826021056740e-03, -2.297635631250466957e-03, -3.788427692502016261e-03, 1.001674982730708582e-03, -2.311649797607665500e-03, -3.935655127577869852e-03, -4.652337254291679172e-04, 1.211692627284145958e-03, -3.784724449581941715e-03, -2.002317979765116680e-03, -3.269069010937789618e-03, 1.017619242555526868e-03, -1.744527194724636212e-03, -3.484581357837472377e-03, -3.529256118205809870e-03, 4.276291776727867561e-04, -4.363667805948524825e-03, -1.500127036023659287e-03, 2.434711811677508185e-03, -3.543284216071646096e-03, -2.559218807655552503e-03, 2.753756211687241086e-03, -1.383893991349317062e-03, 2.104006232814370492e-03, -2.109341111695891505e-03, -2.192378965809272436e-03, -2.548300465903316665e-03,  4.98390536368435e-01
5.579065397684004890e-04, -1.465733014905463896e-03, -3.768638608505103880e-03, -2.019284196005373486e-03, 2.832518948409341528e-03, 4.465353289434165901e-03, -5.910353915948218448e-04, -1.710670041061993288e-04, 1.342189565317135694e-03, 2.029602662878999229e-03, -7.813144096912470402e-04, -1.243601474137559070e-03, -1.147268592538177711e-03, 3.277926002012225906e-03, 3.473284215855734422e-03, -3.043360859313858514e-03, -1.075815305156015839e-03, -4.789901121377129756e-03, 4.757340685700233232e-03, -7.501124987989880519e-04, 2.087525927400427084e-03, -3.815596358986218881e-03, -5.997902896067936265e-04, 3.248198254966297091e-03, -2.761136166145376943e-03, -1.598938777161933601e-03, -3.305997261329424002e-03, 4.721721436835021185e-03, -3.378136164584293142e-03, 4.851860498024385127e-04, 5.518156127586370044e-04, -3.173582458370373654e-03, -4.221201972382385495e-03, 2.145914753143216697e-03, 1.066317403879919745e-03, 3.352797901628245397e-03, 1.637836252334913534e-03, 1.582343595048650055e-03,  4.18612110463014e-02
2.050060904528466267e-03, -3.547596786602475079e-03, -4.481601312788782709e-03, -9.811220151537403122e-04, -4.974841956989755481e-04, 3.660238343204148814e-03, 1.510855299928019237e-03, -3.569113809642956471e-03, 4.870838794065569105e-03, -2.459012571573394521e-04, 3.191359061303057632e-03, -4.491635169731524740e-05, 2.140352400044455775e-03, 1.734957660707840514e-03, 4.809484405769575213e-03, 5.416610276778631786e-04, 1.724415909632791809e-03, -1.365717547961145875e-03, -9.825130978098539289e-04, 4.940803845908591993e-03, 4.239711520653215160e-03, -1.251028033828712350e-03, 8.098498451590413483e-04, 4.804183405856558495e-03, 1.306507291720009414e-03, 4.248907026486264255e-03, 4.415326415644335589e-03, -1.402435278003160909e-03, 2.191742854657836685e-03, -1.945829494528399182e-03, 4.081490683246469936e-03, -3.829188138430064149e-03, 4.976352608704808639e-03, -4.838657950902451946e-03, 1.714084647047957148e-03, 7.196212572230789237e-04, -3.945404970200557491e-03, -4.164321880560010666e-03,  9.67395617368438e-02
2.116902286298264109e-03, 1.303121951765552622e-03, 1.296293280189953281e-03, 4.773686138002409055e-03, -2.282536853932143686e-03, -4.527339521578154814e-03, -4.356344585106773637e-03, -9.308633576720140579e-06, -1.323723269884807385e-03, -9.890720511884698238e-04, 6.854077204912698007e-04, 1.670372196016768618e-03, -1.192308924797611316e-03, 3.410766142445238736e-03, -4.283130863810666669e-03, 4.959245079148974847e-03, 4.204008337359531333e-04, -4.593817508181394574e-03, -3.052685043662957225e-03, -1.179766259784111385e-04, -1.259299682487460392e-03, -4.436605716871255649e-03, -3.459169607372713107e-03, -1.524585599207691888e-03, 3.822176038660749994e-03, 1.376120724501292067e-03, -3.947688484983901541e-03, -3.918272999041577317e-03, -2.342836130210990478e-03, -8.381401411216796854e-04, -1.590772514212099829e-03, -4.632372656194417432e-03, 3.529970598057116313e-03, 2.305674717214164539e-03, -8.701962704840745383e-04, -2.920994150785560361e-03, -1.571633731535112231e-03, -1.186567731698455214e-03, -5.70966476438702e-01
1.830287781653951520e-03, 2.193337141141454491e-03, 3.287776502843557658e-03, -2.289258540589454455e-03, 2.276993095875903296e-03, 5.302755123512839855e-04, -4.768495034593580803e-04, -1.641305384030245125e-03, 1.400179986449588340e-03, -3.378760179134380690e-03, -6.745023450836730092e-04, 1.390677943596963471e-03, 4.463776445049732339e-03, 4.558438564731008211e-03, 6.574018795436464141e-04, -2.792956881621614772e-03, -6.278991140818007688e-04, -1.112938017376444415e-03, -4.167021566435519069e-03, -1.994302193258213566e-03, 3.011794212568610213e-03, 9.994815128837961776e-04, -9.483025593922979335e-04, 3.402290740537973479e-03, -2.580570123763252597e-03, 2.760468488124237507e-03, 3.991562223003826057e-03, 3.550475625916376873e-03, -3.155049704879410097e-03, 3.615139042636510494e-03, 3.274513469003969071e-03, 4.357025519406851344e-03, -4.555788316116101896e-04, 5.750578422980432911e-04, 1.117356551723295427e-03, 2.811877296618629785e-03, 2.843275434921799238e-03, 2.658038544888529850e-03, -1.98881856851152e-01
-8.783292028864434983e-04, 3.481120445315438044e-03, -2.031196724631680918e-03, -3.609446808325486936e-03, -4.738115079627385623e-03, -2.223079724344409307e-03, 4.009497966548971823e-03, -4.521323239251361613e-03, -3.582797806062863136e-03, -4.131015426740062592e-03, 2.867160309874255270e-03, 2.804399316196797866e-03, -2.462967144964776228e-03, 4.623859475377729497e-03, -3.000642712061037717e-03, -4.987621174333192221e-03, 3.570376267437714440e-03, 1.449617814107315682e-03, 1.021219989308147849e-03, 1.359773095870696683e-03, -3.445432521234464453e-03, -2.857981064182262693e-03, -4.467186431793591928e-03, -1.837372397964576534e-04, -4.188276011707001145e-05, 5.980660919590562175e-04, -2.650814963382429855e-03, 2.358255789763808244e-03, -8.168475497509165503e-04, -2.639757221297638155e-03, 2.226513255969174085e-03, 3.854971832669898749e-03, 2.367408630468297893e-03, -4.306984575626905329e-03, 2.424547289530419591e-03, -1.493704737189584329e-03, 3.492883198491962896e-03, -3.508858713126140720e-03,  2.68373705549495e-02
-3.211209485617479847e-03, 4.876675634326779057e-04, 3.114645699465555875e-03, 2.608320142876048575e-06, 1.798718683923008002e-03, 1.900172037322895094e-03, -1.273778783655771067e-03, -2.795627545025585609e-03, 2.422269990902211310e-03, -2.660743936732012406e-03, -1.629023550772324726e-03, -2.130736208589690487e-03, 2.254287451129443481e-03, 5.067938603263997047e-04, -1.693713633257038290e-03, -2.123720082334430888e-03, 1.915899398000652822e-03, 1.224455570786767838e-03, 2.541225133114856198e-03, 6.641623498815450027e-05, -3.689058722837173631e-03, 3.077920227840353837e-03, -3.674089611583255567e-03, -1.763244387494909172e-03, 2.833024451873149968e-03, 2.242384314158804050e-03, -3.790739885729467636e-03, 1.289757477428192349e-03, -3.810652111909302447e-03, 3.346701285353323105e-03, 1.895788978128589222e-03, -6.513277979371323231e-04, -6.556080551005198653e-04, -1.161815695692360560e-03, 1.376665028931210732e-05, 1.894689379106233133e-03, -1.693064820858202358e-03, 1.433442974670541374e-03, -2.57023661263037e-01
1.669424994800874570e-03, -3.845559392134733235e-03, -2.800126862874318875e-04, -1.723183479961738849e-03, -6.827365832778797480e-04, 2.363525338015841880e-03, -2.694863913184800813e-03, 3.973982836394548274e-03, -6.782290938714078538e-04, -1.999990184255181960e-03, 3.278144547042043805e-03, 2.013391885685744155e-03, -3.455266525452174633e-03, -2.078317571747078599e-03, 2.375150569547076519e-03, 4.251571300477085050e-03, -2.220266341161567566e-03, 1.059714255988159284e-03, 4.348064462530130958e-04, -3.410741433392219368e-03, 1.645248705390360902e-03, 3.246570494042758798e-03, -1.638386832714638485e-03, -1.648390632525536300e-03, -4.756019464890059827e-03, -3.896655555509219524e-03, -3.713357363677310518e-03, 4.228141603502369103e-03, 3.958958233171244734e-03, 3.024075982884301059e-03, -1.360283362475828324e-03, -2.867688363168703625e-03, 2.284062977466981385e-03, -2.187398207763755972e-04, 4.144987489448704807e-03, 4.878502028470801943e-03, -3.739399842682490215e-03, 3.671217847568075676e-03,  1.48355571843709e-01
-2.032201608239114429e-03, 4.439981094967921510e-03, -1.276551455424917297e-03, 8.360902314107918412e-04, -3.096371063943783100e-03, 2.375934827057702391e-03, 2.932281149902944348e-03, 1.234054948256385793e-03, 4.606580340149260197e-03, -6.109782839849794978e-04, -2.016993427855450199e-03, -4.716860162502709009e-04, 4.302494765987924588e-03, -1.683773453232971506e-03, 2.430773952155650987e-03, 2.583759493641271665e-03, -1.323096705438328580e-04, -8.471424739913387472e-04, -4.767332243072275842e-03, 1.649514487460939163e-03, 1.722136421085713152e-03, -1.322593380001893613e-03, 2.226289728981013794e-04, 5.217766581984539104e-04, 2.039739667217110169e-03, -2.723757728259204938e-04, 4.957154033629493362e-03, 3.967689329183577904e-03, 1.042092987885980156e-03, 3.717607969415346117e-03, 1.279347270336052278e-03, -3.812408091069202296e-03, -2.085547861675579508e-03, -4.628936251653524570e-03, 3.311309677824126815e-03, -2.967591777219081087e-04, -2.508481139453217976e-03, 2.561550447410039684e-03,  3.33099730028811e-01
-4.286464233702479490e-03, -7.905724329333122663e-05, 3.232492940965798339e-05, 1.500728978492221061e-03, 8.102085802637005660e-04, 1.388585979839628178e-03, -1.220502111176604860e-03, 3.533402162317031067e-03, 3.920166173113278155e-03, 3.379469066147691020e-03, 4.643744388636824108e-03, -3.993860572961881183e-03, 4.546733788106847862e-03, 1.380064355706375236e-03, -4.829920115589465650e-03, 2.658005519588143087e-03, -3.419862141231562978e-03, -7.325041200074277475e-04, -3.726057219304494336e-03, 7.628709716858330520e-04, -3.811026291055221067e-03, 1.869669242662783983e-03, 2.943194606896381779e-03, 2.884968975104460626e-03, -1.980681861506301822e-03, 2.663073650543092662e-03, -3.551438023380439589e-03, -4.654816544494786053e-03, -3.072230131677768095e-03, 4.923459733926013535e-03, 3.242082117481198678e-03, 2.607178624809729055e-03, -1.220964393017845429e-04, -1.885659053101609080e-03, 4.293246130065037428e-03, -4.131394942009817411e-03, 4.318233634090251974e-03, -1.673832058762245601e-03, -2.60217537662093e-01
-3.390332906276365826e-03, -3.188514002512544791e-03, 4.628862343392291245e-03, -1.100192081412489434e-03, 2.251214383446115651e-03, 3.277822149163412205e-03, -4.511206598201371494e-03, 7.200126884348958048e-04, 3.633107919877011371e-03, 1.647360650117551430e-03, 5.498712311777934417e-04, -3.446115546643481811e-04, 6.915554344554108307e-04, 3.197552099603559114e-03, 4.420653911660991572e-03, -2.202423673755932784e-03, 8.952481265176231648e-04, 4.011676387748058098e-03, 4.372713158842429088e-03, -2.240220346458463279e-03, -5.947346077625325494e-04, -4.231885258860605160e-03, 3.520945182291726136e-03, 2.903513165783662767e-03, -1.559563675312750086e-04, 1.582321070967201981e-03, 2.306106733720767778e-03, -1.784942956324001191e-03, 2.891279529419629735e-03, -1.428494607435759449e-03, -3.555608265600525980e-05, -2.520087227652384205e-03, 4.190970884776875488e-03, 1.602453223121685401e-03, -1.696699145696839873e-03, 2.709398583704033907e-03, 2.771324166859092872e-03, 4.407219083181548869e-04, -1.56517936294006e-01
5.967190327893648685e-04, -3.692587036734215275e-03, -8.495820989573429557e-04, 2.688054242514541052e-03, 4.561819091746969340e-03, -1.538581860267233987e-03, -8.353211794441817162e-04, 1.366216650697814165e-03, 2.662244178499224324e-03, 3.682008747620760941e-04, 1.573951804210008999e-03, -4.818384666670783023e-04, -1.581042458648526227e-03, 4.658765454139618747e-03, -3.663863131681459849e-03, -3.486417481431581134e-03, -4.608480906093170848e-03, 4.191505010053782343e-03, 1.638791705634287665e-03, 4.747306651566501889e-03, 1.257859524903611956e-03, -1.705276788976891993e-03, 2.426464816084750696e-03, -5.325534416269449289e-04, -4.979964196939774303e-03, 3.925464997648857660e-03, -1.348407875331718818e-03, -2.539987943310538249e-03, 4.293749555239491020e-03, 2.854215944460497881e-03, -2.838409840719085565e-03, 1.429300797504523893e-03, 1.966940833954555073e-03, 2.071794824242260448e-03, -2.279885323321017253e-03, 1.428055285674031429e-03, 3.709206341875038310e-03, -4.398658590849531362e-03,  3.70230961771852e-01
2.877808058853020476e-03, 4.733284058975526648e-03, -1.962628852061475311e-03, -1.985152666196217559e-03, 4.158733162088489727e-03, 2.488421763135281739e-03, -2.845513027843922516e-03, -2.827313360357131856e-03, 8.215931747404267918e-04, 3.099639504336625800e-03, 2.374111259323474082e-03, -3.048247058479872443e-04, -4.822066844702477956e-03, 1.003568225577573803e-03, 4.146880839443409239e-05, -1.004547257001461510e-03, 4.206351591566263523e-03, 2.370129711791110760e-03, 4.200956377257711663e-04, -1.924785072889532989e-05, -3.706558804183489320e-03, 4.387886629079242387e-03, 4.914218877836041416e-03, 3.635454738015648363e-03, -4.726067713795540498e-03, 1.619683293227693228e-03, -3.254717091717511043e-03, -3.319860832988074349e-03, 3.003549101584573541e-03, -4.782971125696349607e-03, -1.645148460143837886e-03, -4.880401743460245981e-03, 2.721522049707188542e-03, 2.641881633583536768e-03, 2.836726385932344593e-03, 1.108509732165290779e-03, 3.761732449471420422e-03, 4.488868832256527608e-03,  4.16081151958224e-01
-6.269277093784685062e-04, -2.473289634843762238e-03, -2.761922954568760396e-03, 4.596482004481256337e-03, -6.210424219104159274e-04, 3.510397027819594021e-03, 4.478378775475798032e-03, -1.259058714910109376e-03, 2.636355765609542726e-04, 3.435949947841918442e-03, 3.010449368887986241e-03, -3.970960455993381016e-03, -2.619601495271568162e-03, -2.770524908287707970e-03, -2.202094794829355037e-03, -3.280406733471295452e-03, -1.186992024153456140e-03, -9.801844919720501675e-04, 9.243197123460656500e-04, 2.537035708931388404e-03, -8.380032736623787074e-04, 1.500763853006237269e-03, 3.575522213890134152e-03, 3.638876298979291934e-05, -3.291638414023627390e-03, 1.009340549467420411e-03, -1.700012134520552561e-03, 3.463352202562823556e-03, -3.246101747402587237e-03, 3.142995588554266945e-03, 2.344988513200697323e-03, 1.702561692566500681e-03, -4.355099102985819821e-03, 1.274275496889508766e-03, -3.587170162387587520e-03, 3.150348353918815125e-03, -1.092333244777917572e-03, 2.968377694801287159e-03, -2.95035337579695e-02
-3.131684690174975361e-03, -9.434954654936825863e-04, 3.764218672662767232e-03, 4.697961880927381886e-03, -4.709518869672241551e-03, 4.007666322617562879e-03, 1.204929449443725709e-03, -5.638222139128529903e-05, 2.745676850946610764e-03, 1.450163256860952619e-03, -4.313016369717557162e-03, -4.823702164368186621e-03, 4.339412266222314116e-03, 4.851211608102257156e-03, 1.866008230018779794e-03, 1.698307199407556034e-05, 6.978929396129112186e-04, 6.359165257464466370e-04, 2.980380586814546096e-03, 1.153450422317066175e-03, -2.599943996082109982e-03, -3.278464679241721927e-03, -2.467993402669673569e-03, -2.105618801168598116e-03, 1.127022942627465760e-03, 3.284222342660507443e-03, -4.871744638029851943e-03, 2.640011875417363867e-03, 2.281965201439462715e-03, 4.509950463375350660e-03, -3.973162328747108230e-04, -2.173181686317162981e-03, 2.251947724627895685e-03, 3.345267064571468690e-03, -3.933273147455696242e-03, -4.758222384085586572e-03, 9.696287683863694454e-04, -4.512528234902558368e-03,  2.16626419646767e-02
-3.036705393792102012e-03, 1.052603910434035499e-03, 4.261389949233165136e-03, -3.634926424363540964e-04, -1.944297585236432445e-03, -2.520796041497383282e-03, 2.895784651874106982e-03, -1.464674713432302829e-03, 2.861888991129098864e-03, -2.536412763744765389e-03, 4.049063591522513578e-03, 6.299085261496440227e-04, -3.354020279506210803e-03, 2.944935451715225208e-03, -6.485544953315266342e-04, -9.211932187654890691e-04, -4.641281302720373647e-06, -5.921268215858454739e-04, -4.261427997800472378e-03, 3.496774067689004811e-03, 3.123061425054434251e-03, 4.590688090292517273e-03, 3.090973782993654620e-03, 4.130895934926008886e-03, -2.076229683592637973e-03, -4.454315932755912796e-03, 3.781720334847707421e-03, -8.854568101265393801e-04, -2.130693010693397900e-03, -3.386921432706780331e-03, -2.369477266306188948e-04, -9.343425563790508023e-04, -1.916087270875214965e-03, -7.242870812729671967e-04, -4.051561122927430786e-04, 1.998447922518772728e-03, -2.282990542353434231e-03, -1.288242392100283438e-03,  3.43992046604335e-01
2.218514482325200168e-04, 3.206037575860191252e-03, 1.208502391042603000e-04, -3.935153868950016370e-03, -4.026089310984110048e-03, 3.705897372571605175e-03, 3.343811467404018620e-03, 1.590368879299256660e-03, 4.335349159940084240e-03, -2.131589223251597904e-03, -2.668629596079173921e-03, -2.849219307098368494e-03, -4.825818416024828250e-03, 9.480496517975823406e-04, 4.309725035280077832e-03, 2.436819125764813285e-03, 3.537732691987755321e-03, 1.624079622529373164e-03, -2.739001144157700990e-03, -4.863286576435020894e-03, -4.561367158818483737e-03, -4.093704161871189288e-03, 3.480468241908153681e-03, 4.712553314868762541e-03, 3.032887477962863468e-03, 1.213695049338468952e-03, -4.694031668655404034e-03, 3.982883667474443334e-03, 3.697202553707982370e-03, -1.048278241160470643e-03, 2.393733024807285885e-03, -2.632117489703060011e-03, 4.802348737907892462e-03, -9.255821297855263904e-04, -8.238070831960491933e-04, 3.520595730528068221e-03, 3.655800469015112186e-03, 1.509113011683620512e-04,  4.11800951680284e-01
-2.749906040564425828e-03, 5.467792181190226850e-04, -2.382744897156863131e-03, 3.813742757072625250e-03, 1.226488833688159710e-03, 3.882132642606048178e-03, 3.727883852019732089e-03, 1.370975314059393046e-05, -4.793726239963265294e-03, -3.602311876872111782e-04, 2.534498319915362910e-03, 2.385965437323142417e-03, -2.382802543751680237e-03, 1.307761623380258170e-03, -2.667343721404426618e-03, -4.892192997820020255e-03, -4.136217064536217708e-03, -2.573811203763057710e-03, -1.145380336780359772e-03, -1.771556323678211489e-03, -2.738094003876017941e-03, -3.833151955828427177e-03, 2.900601202499020204e-03, -2.530406524249172086e-03, 4.891436546489304205e-03, 3.300402209148702720e-03, 1.412373851584197010e-03, -1.995988562540881688e-03, -2.545943479135354820e-03, 3.406340461873094347e-04, 7.737207852554018120e-04, 1.261048870878644229e-03, -1.109408751798836822e-03, 1.295993712596421599e-04, -3.249959446774903712e-03, 9.752458366564667816e-04, -3.420565487308566306e-03, 2.229517345238203781e-03, -2.69150805348350e-01
-9.626326045509819157e-04, -2.383334348422601941e-03, -2.992286032121714828e-03, 2.121409030551527769e-03, 5.904808594429343527e-04, -1.959919348252490718e-03, 2.167483075056664439e-03, -1.856571399463293609e-04, -1.998025221859292717e-03, 2.276126955492224248e-03, -3.944952914489505656e-03, 2.244530104643837655e-03, 8.026607344715401895e-04, 3.963598183184053464e-03, -3.073004222381168875e-03, -4.426595009806555056e-03, -4.122285856398525718e-03, -3.015087895121704251e-03, -2.981863291349504379e-03, 2.794035488217530908e-03, 2.006633889405353907e-04, -2.439349106757122618e-04, -2.796163078845345998e-04, -8.328931123926545596e-04, -5.313134772425434985e-04, 4.673157310061334946e-03, 1.942233119330797654e-03, -3.838527312926619077e-03, 1.733891014290478948e-03, -4.913084874733166831e-03, -2.381096592293364175e-03, -4.444201699985682319e-05, -3.784756803808215532e-03, 3.820078397354346664e-03, 4.311256013227682260e-03, 5.059306743065887860e-04, 6.791331748171791291e-04, -2.579987181109188576e-03,  2.11766667087102e-01
3.618887045015345069e-03, -1.777613951424074443e-03, -4.111703862455483305e-04, 3.170730799116774565e-03, 4.426777784020202722e-03, -4.660076410112417959e-03, 1.894627661403292668e-03, 2.416447888746030281e-03, -1.925569067088905850e-03, -3.912216807742046470e-03, -4.722073778695675891e-03, 7.402133821587464704e-04, 2.484800704578507199e-03, -8.697406810097970883e-04, -3.601533101153294586e-04, -3.351185831950117752e-03, -3.747867337206739740e-03, 4.898834943597546801e-03, 1.195360630751240646e-04, 4.849294481711410865e-04, 4.988691579922436420e-03, 4.645606510199750544e-03, 2.076210548026435204e-03, -4.749498847335040241e-05, -2.477029088504357872e-03, -1.071143599521649434e-03, -3.868586523898512493e-03, 3.619869873324865067e-05, -3.104842171447707612e-03, -4.267695337510080816e-03, 1.604540406182327142e-04, 4.994691195381041962e-03, -1.999040827912190732e-03, 5.644483210016674676e-04, 3.346451533982254534e-03, 1.179941268676755646e-03, 3.472897438659010988e-03, -4.052116091333613987e-03,  2.50934996216720e-01
2.015003267448666965e-03, 9.800589537011907340e-04, -6.225799778249172314e-04, -1.434753660240235731e-03, 8.843689849345748311e-04, 3.319114489006572827e-03, 1.061546679896423900e-03, -1.000116841419757333e-03, -4.632119305927815713e-03, 5.387869577504981328e-04, 3.004597795263439647e-04, -3.426702561653267084e-03, 2.347169692320447143e-03, -4.213693490111654512e-03, 2.811443324983135296e-03, 2.252178456982646682e-03, 6.023968175118844109e-04, -2.622089780159758167e-03, 4.349611819448500130e-03, 3.208858963379862192e-03, 2.629680616801364015e-03, 6.626735374714500665e-04, -6.350649972013868577e-04, -1.054705193289777812e-03, -4.144415385233871096e-04, -4.954913361994670376e-03, 1.480478642522696855e-04, 2.418883080623247805e-03, 1.008669294852842895e-03, 7.958895486764178129e-05, 1.703967522653187031e-03, -1.682102094642876858e-03, 1.012475196017622800e-04, -4.915843010435192242e-03, -2.983365758341649000e-03, -1.336720414013701369e-03, 4.611972902498397836e-04, 2.438063679763916025e-03, -8.11745619331218e-02
-2.546405766988226252e-03, 3.082860643162885564e-03, -1.060887365765292994e-03, -1.406743759963803922e-03, -1.876618692972674071e-04, -1.908891189662179425e-03, 2.034520674427846634e-04, 3.363152475432534816e-03, 8.388321576056727291e-05, 5.359408200202725459e-06, 1.676737740272560458e-03, -4.041374979711886625e-03, -2.232049478187478602e-03, -8.871154893408715950e-04, -3.296853873145741236e-03, -2.592234758884238554e-03, -4.896403332078634249e-03, -2.500582615536383474e-03, -1.440494071324560470e-03, -1.342104645831123169e-03, 8.712527564863452312e-04, -2.179103347385740776e-03, 1.797449908827521495e-03, -4.478930586160763047e-03, 3.291251065438321674e-03, 3.487870348825012831e-03, 1.074507262513987697e-03, 2.136887416228317078e-03, -2.269559072477497514e-03, 3.655319057207144159e-03, 4.456892939766686837e-03, -3.853406670138471816e-03, -4.102118328471439368e-03, 4.705077816724989939e-03, 3.954510262291580439e-03, -3.657705081194940339e-03, -4.431905589047088756e-03, 1.194717398915986703e-03,  6.01291205442743e-01
2.040555715640387548e-03, 6.318208413764190082e-04, -4.289186747669903807e-03, -3.681968787943132489e-03, 4.639469558244855088e-03, 1.275649135780878088e-03, 3.150053569555425273e-03, 2.926613892275562248e-03, -4.895876541831697092e-03, -1.226894132745080628e-03, -4.152848458192689302e-04, 1.624631703751001563e-03, -2.105636848121180196e-04, 2.457588251756869825e-03, 1.395105976816296903e-03, 9.829048041612121686e-04, -4.009224124688139622e-03, -2.140103777251412508e-03, -3.400927974428788296e-03, 4.459840321003901917e-03, -3.350846192568391127e-03, 8.745521386826571666e-04, -2.596350216039683412e-03, -3.488877682639379089e-03, 8.851737732466771411e-04, 2.599114539920876696e-03, -4.337181634707288312e-03, 3.724323290147039944e-03, -4.595565447616301903e-03, 2.284705758966302722e-03, -1.845340319021657183e-03, -4.515373271479313465e-03, 9.112193116543538043e-04, 1.658004902645159387e-03, 3.247354927440810821e-03, 8.462003168729142696e-04, 2.939609674136854991e-03, -4.693082521821262745e-03,  1.81175568766381e-01
-1.681657937049379960e-03, -3.374283931151818468e-03, -1.490935020159508267e-04, -3.482206515274278383e-03, 3.524248166641276089e-03, -3.255838168184757402e-03, -3.951987508038058358e-03, 5.158964675467505104e-04, -2.297441881888340458e-03, -2.844571187469388703e-03, -2.909387366702868849e-03, 3.314535610796642828e-03, -1.927070812408875761e-04, 4.405863522504906843e-04, -4.152295748104588985e-03, 9.146907932263024718e-04, 4.059234872062772795e-03, -4.090777732611024231e-03, 2.161409117843529626e-04, 4.782491982111870821e-03, 5.688171047310269096e-04, -3.232909205023809518e-03, 1.991727315529621088e-03, 7.558165450952478853e-04, 3.449796022229952019e-03, -9.088502308530962970e-04, -4.029898713630163283e-03, 3.213625311586365552e-03, 2.157779442970457484e-03, 1.321625527040184815e-03, 3.656195806334843618e-03, 1.120647601164006385e-03, 1.574278614979404342e-03, -1.101119512723337107e-03, -4.478460647197792834e-03, -2.653867880751498935e-03, 9.973610659333087200e-04, 1.401890751488195710e-03, -6.08641444582643e-01
-2.591178854788664301e-03, 1.447790582678943304e-03, 1.048183043905572161e-03, 3.874661236749054119e-03, 1.072383277050371897e-03, 1.575917580664144835e-03, -3.439085818238469313e-03, 6.407807589616665994e-04, 3.161275519036450821e-03, -4.535587240157246298e-03, -2.110634031960704603e-03, -4.623299798788308053e-03, -5.632092249579206261e-04, 2.156362746264071581e-03, -1.340030203965551781e-03, 1.142874287794883731e-03, -2.879074504619535957e-03, -4.630706283505704214e-03, -3.074572136319122032e-04, 3.988093589947092760e-03, 1.392107582413778730e-03, 7.762365659062034351e-04, 2.891667238000696083e-03, 2.540513166978440943e-04, 4.967619791575448793e-03, 2.420379704726752929e-03, -4.715818315318094645e-03, 1.975318900219908379e-03, 3.188049506834340213e-03, -2.069301891056226587e-03, 3.471743995752786874e-03, -3.964418506125918021e-03, 4.059628345411066958e-03, 1.576057140807515453e-03, -1.441702490214186953e-03, -4.642718263879883761e-03, 3.947669601322966251e-03, -3.856871997285265651e-03, -1.89687117241645e-01
9.205162664537571912e-04, 2.013939569336112290e-03, 4.161301971977724931e-03, 4.540357660607804643e-03, 4.415761709397465068e-03, 2.779825101399171702e-03, 4.113088603813817509e-03, 1.542426097401548152e-04, -1.687315154091035066e-04, 2.796701050374874806e-04, -4.158918485115726399e-03, -4.140348442446996000e-03, 3.232683595178581851e-03, 6.781201963923771253e-04, 4.558309322353057413e-03, -4.187700142233753350e-03, -2.312688724838324154e-03, 1.785549437797696523e-03, -1.414274842315406747e-04, 1.927492379437680328e-03, -3.644966322943767999e-03, 2.189223878790086397e-03, 2.832074574758279562e-03, -1.157421749500976097e-03, -4.070377373569091482e-03, 3.015539008489692696e-03, 2.573530178691190405e-03, 2.060690075519924953e-03, -3.133196102792092097e-03, -3.651808541859840294e-03, -2.676691503837260247e-03, 4.286626195226969985e-03, -3.177139260428947336e-03, -3.015671881759894417e-03, -4.640566085135485949e-04, 1.025421933963230857e-03, -2.695242510665195497e-03, -3.252145018286245470e-03,  1.05714945886669e-01
-4.915538021324310052e-03, 3.835984922047674939e-03, 2.488523014550038555e-03, 1.972366383887582016e-03, -1.093093032130183773e-03, -4.749629164897638083e-03, 4.847155333165214727e-03, 3.694418829034146548e-03, 4.540673137633897613e-03, 2.440890696737399793e-03, 3.700960755738025645e-03, -3.676211748443033653e-04, 1.738090768421731054e-03, 1.529574715956917574e-03, -5.378086431122204580e-04, -7.978781705235936383e-04, 4.490192148152731891e-03, -2.686997461886108784e-03, -3.937010415636029402e-03, -4.494883694721148529e-04, -2.650036083068974587e-03, 2.627368298017108972e-03, -3.215994174407919327e-03, -3.296814899444012667e-03, -2.879889478312434858e-04, 2.956817755708739115e-03, -2.628552333499986019e-03, 2.088998270584876450e-03, -7.121638609838215964e-04, -3.708615944823975309e-03, -4.141712142695167832e-03, -1.828400033169813241e-03, -5.651361008631042640e-04, 4.339298758489285382e-04, 3.224766858179722168e-03, -4.311375886588528390e-03, -2.741968026396018193e-03, 4.336615649212153048e-03, -4.05122037749146e-01
-3.587855774828234597e-03, -3.115999465493218996e-03, -2.846873385273056278e-05, -4.633187385943748730e-03, -6.745943081402682243e-04, -4.643372695250382216e-03, -3.458478434929562056e-03, -7.827570195016488042e-04, -1.954581797780543390e-05, 1.425096357145528257e-03, -2.741090777866429101e-03, 3.004498610803547909e-03, 2.557746202044046055e-04, -2.306003181536751823e-03, 7.318437850488161353e-04, 2.552912239210551604e-03, -2.507896052348057223e-03, -2.154951266690035509e-03, 2.611065532863623972e-03, -1.466387353919232448e-03, -2.909013675279520459e-03, -2.125440349481213208e-03, 4.831622608094861618e-03, -4.771091605356383818e-03, 1.878107094715070376e-03, 7.236078445008687840e-04, 2.602342652024465346e-03, -2.716152177201473436e-03, -3.599802826366801847e-03, 2.061336854299891663e-03, 1.273261642079862727e-05, -2.358315121626658982e-03, 4.024132045876772576e-03, 3.513991822031284351e-03, 2.208323638944041656e-03, -2.334731794125712717e-04, -2.399155520968138458e-04, 4.864772580746959049e-03,  2.31369351717503e-01
-3.183220650235480103e-03, 9.319851252004400510e-04, 3.178107319094973862e-03, -2.250577463251966000e-03, 2.928686492135514421e-03, 1.761748826415950910e-03, 7.716374305311943932e-04, 2.967070706642887037e-03, -2.154788885134668614e-03, -3.755378946726474314e-03, 1.942897287323113939e-03, -4.692371359645533709e-03, 1.990646168068987976e-03, -1.794061009011494248e-04, 2.179376984196993230e-04, -1.890814613647860600e-03, -4.065699414421686947e-03, 4.839715387378044215e-03, 1.724589399931262916e-03, 4.409046579316622250e-03, -1.923131906662018699e-03, -3.065432460429516007e-03, -4.508527000440327483e-03, 3.112735777131780956e-03, 3.496407380900019846e-03, -1.343454376313760971e-03, -4.555038666050471689e-03, -2.372133582839214619e-03, 9.587624745662926690e-04, 2.377689565396736045e-03, 3.961711339667698187e-03, 2.083584732457365897e-03, -9.561347490425475826e-04, -9.639992203454720091e-04, 4.455101974728500544e-03, 2.915444481411606434e-03, 3.050074758058881133e-03, -2.873997387905060166e-03,  1.56787372077067e-01
3.010677159312873455e-03, -2.394323781039243981e-04, 1.158491413361977668e-03, -1.883256510074707117e-03, -3.513952160533758903e-03, -4.271001361880037185e-03, 6.241250499666797791e-04, 2.476186093707934653e-03, 2.840324474980502820e-03, -3.540111211244653579e-03, -4.499194687353109956e-03, 4.713879377944150614e-03, -4.952232348089877223e-04, -4.423569370174377721e-03, -2.410656401778200723e-03, 3.642065184806468625e-03, 3.504970592743955962e-03, -2.817576161562584947e-03, -2.701596921995649218e-03, 4.040424444807944743e-04, -7.887571943958381418e-04, 3.103070952518846223e-03, 3.772869841079884434e-03, -4.251280613778676831e-03, -3.707252416740771522e-03, 4.411999261464153929e-03, -1.121992188288170687e-03, 3.313980545985115850e-03, 3.401738587899112709e-03, -1.887025927508312849e-03, -3.378488618717854532e-03, -4.275282174080932002e-04, 3.390418564039598959e-03, 3.047397211700041478e-03, -4.360953538154905933e-03, 4.841238926826444897e-03, 1.825313839577381858e-03, 3.075325948125815986e-03,  4.81526005381590e-01
5.148000444079835203e-04, -4.591832275049665020e-03, 2.879175390438153473e-03, 2.016374535179885248e-03, -3.673583983003082809e-03, -4.513353990868071083e-03, 4.591006167459731752e-03, 3.773882535724708623e-03, 2.920943690679632040e-03, -4.379837062502090449e-03, 1.422546652652369008e-03, 4.089878422534189845e-03, 1.183300113982760707e-03, 1.912632625857910683e-03, -4.511238843122522199e-03, 2.788773141801203191e-03, 3.648402857070345492e-03, -2.534910201363698747e-03, -5.026383889991355505e-04, -4.500387999588125604e-03, -1.321484144078355957e-03, -4.371057857436855265e-04, 1.501076681000310456e-04, 4.567733014703258612e-03, 2.725536959867604428e-03, 2.764164430820916646e-04, 1.329071448448867696e-03, -4.439163180208660804e-03, 1.951640864205133816e-03, 3.785159650817002466e-03, 3.945169454651753851e-03, 3.835549262638512230e-03, 2.039013699661651642e-03, -2.167282016558249105e-03, -2.199417731496507850e-03, -1.537711494888716144e-03, -4.882828266276487486e-04, -2.615029601954199645e-04, -3.89434663025467e-01
-3.270418120064455536e-03, -1.316854523103665534e-04, 4.511027459614836560e-03, -9.730624990528739110e-04, 1.811358301918216014e-03, -9.274771908716651636e-04, -4.557968891556064134e-04, 4.715691826338585385e-03, -4.217178405906166563e-03, 2.219558638823494919e-03, 5.649841639336593280e-04, -1.044107594937886997e-03, -4.184542446356833735e-03, 4.166375055983257900e-03, -9.518809196903382092e-04, -1.551584064373603185e-03, -2.797633043663799897e-03, -1.656294619999716927e-03, -4.807788082891710328e-03, -3.066046835597886246e-03, 3.074550529778459496e-03, 4.827649654206466606e-03, 3.427695331864677800e-04, -1.565872920983292071e-03, 3.019069366798701748e-05, 4.726029860859390364e-03, -1.320813876966158221e-03, -1.194715964909308977e-03, -1.220003497801671732e-03, 7.180407324110307798e-04, -4.910616112375942345e-03, 4.650090562027002147e-03, -2.127968705602881726e-03, -4.899064423595597684e-03, 4.880739491275151026e-03, 4.563329574608483707e-03, -2.020167559275490732e-03, 5.623529528493700566e-04,  5.53384679590194e-01
-2.320982904523048989e-03, 1.752917928757338935e-03, 2.082414224871972051e-03, -4.264014832349304063e-03, 3.734269524700682338e-03, 2.915660230237832745e-03, 1.862576020275061479e-03, 3.417756753021174154e-03, 4.060520724441763277e-03, -2.646440583530053608e-03, 4.325690747014686310e-03, 4.829016009561766520e-03, 3.930556408291457915e-03, -4.124281622856461327e-03, -1.195628102927715625e-03, 4.012543644207298976e-03, -2.257346700782577285e-03, 2.929685546159580684e-03, -3.439870194689749819e-03, -5.254747909048743115e-04, -2.792578575528855463e-03, 3.867670923405145886e-03, 4.870595259916690734e-03, 1.740244807608114230e-04, 9.665041210873640681e-04, 3.958929207300581135e-03, -2.342466443866182170e-03, 4.835029042655697787e-03, -4.371259842251859137e-03, -3.928640570810821089e-03, 9.648343008030529563e-04, 4.251163016383854854e-03, -7.701389966240385770e-04, -2.242724763717455789e-03, -4.787016302201210077e-03, -4.594658530965134435e-03, -1.744611891672945628e-04, -2.091905179434732070e-03, -2.71066868761041e-01
3.752988207219852893e-03, 4.275969500568152157e-03, -4.954918293801217725e-03, -4.815208072652376811e-03, -1.185988251359413118e-03, -5.950448158285118194e-04, -1.997116949899565858e-03, 7.497674713611984787e-04, 4.698580086516742499e-03, 4.041988273961927627e-03, 2.282278129027695210e-03, 2.721977731338661929e-03, 9.141438586539674463e-04, 1.407791357131426245e-03, 4.954643790089132901e-03, 3.072308269702313591e-03, 2.682124440887581791e-03, 3.424885927729128671e-03, -2.499049725346552502e-03, -6.804774279325215280e-04, 2.400279004608450728e-04, 4.281389617709688983e-03, -4.968393185541077929e-03, 3.166461779049214650e-03, 1.208423760990526806e-03, -5.552998843485566077e-04, -2.421663230006314890e-03, -7.906967893056976449e-04, -1.447046463612253631e-03, -3.005494803716159645e-03, -2.710715678158372166e-04, -3.886329541599418957e-03, 3.941269980915871815e-03, 7.783588116537457774e-04, -1.602705926315096084e-03, 4.397588726503171008e-03, -4.650804534711136182e-03, -2.642080942371058134e-03,  1.15967347152184e-01
-8.086859379059698621e-04, 1.365478623511697832e-03, 2.532842179246487004e-03, -3.651853979376856567e-03, 4.299213144324817368e-03, -3.069393447567924683e-03, 3.322566690242990256e-03, 1.440868306332399214e-03, 2.431675974758512951e-03, 4.517349053550088339e-03, 2.075167156962869942e-03, 1.502417318768893041e-03, 2.670060018937711784e-03, 3.274837325021678902e-03, -2.625859721678914897e-03, -1.665658709315127016e-03, -4.659679764554764021e-03, 3.464642372923799896e-03, 4.380689998510940708e-03, -4.195833560400843293e-03, 3.717332030253379938e-03, 4.242729012766816021e-03, -2.364101815576842569e-03, -2.322314903481050626e-03, -3.930345651243625886e-03, 3.850645973312603887e-03, 1.905184000777740590e-03, -4.724325683354174167e-03, -9.397045475908593487e-05, 2.338541868390804114e-03, 1.450216075382314805e-03, -4.582693062682670349e-03, 3.152805003448602358e-03, -2.349902110773810331e-03, -1.038011399800331004e-03, 2.252740355672810252e-03, -1.461731733566512190e-03, -1.407054341923505165e-03,  1.94211795557384e-01
1.402139965235430809e-03, 3.935066184385521693e-03, 2.779158315178751476e-03, -2.969964987758919647e-03, -3.311544848718172597e-03, -5.628594885742025516e-05, 1.279426195362354073e-03, -4.306870202430708450e-03, 2.898123321762409096e-03, -3.462514430004161488e-03, 3.584064247181896132e-03, 4.321210616100806465e-03, 4.212942003540581792e-03, 1.294034504530413437e-03, 1.625240942369690113e-03, 3.510027893469885515e-03, -3.820617328435546231e-03, -4.188379420199529572e-03, -3.907709515015874227e-03, 3.566885810153474362e-03, -2.520635716812876653e-03, -3.911329871230150371e-03, 1.320424046531059985e-03, 1.182408810234493457e-03, 3.256818986970872951e-03, 7.780417369530681637e-04, 1.862055018735892659e-03, -3.515741702050488235e-03, 7.403408195532246855e-04, -2.080389767966548190e-03, -3.629790152191835449e-03, 5.690248319176350461e-04, -2.678871252647869843e-03, -5.590996571934936030e-04, -3.514571725024041426e-03, -2.451414644447215060e-03, 3.520729435801660603e-03, -3.613695140311961370e-03,  3.58548600569028e-01
4.817305457182454245e-03, 4.993136119049926616e-03, 4.218209944569773634e-03, 7.628848187461812272e-04, -4.623349949844880388e-04, -3.837830000452662621e-04, -4.030335488030865193e-03, 7.851697613984890203e-04, 2.597065374297131447e-03, -1.845064686965972381e-03, -3.838362261157946941e-03, 1.482994900302094660e-03, -4.580423599532468075e-03, 1.699510509027057914e-03, -4.747592190914454516e-04, -7.744554709976092521e-04, 3.052055627548878880e-03, 5.071924451833980177e-04, 3.728663346918008326e-03, 4.013863074737522921e-03, 6.675473356837222441e-04, 9.023627924169969061e-04, 4.345155278814823510e-03, 4.761796828556914482e-03, -2.064110945076282067e-03, -1.284454443590170650e-03, -4.979353141237524011e-03, -1.337469714839594620e-03, -6.223659345922392602e-04, 4.993011600850590093e-03, 1.997821474953179535e-04, 5.152018251247756503e-05, 2.557505850679420850e-03, 3.741612162238130979e-03, -4.024722807956002124e-03, -3.697753203344067083e-03, -4.409735466982621539e-03, -4.934513570182628289e-03, -8.79111547176917e-02
-3.986286536509587967e-03, -4.837820862139568558e-03, 2.456467534690824975e-03, 2.986844171480691409e-03, 2.114860663841222101e-03, -2.118260526321111541e-03, -1.276231614227449785e-03, -1.991726673745637926e-03, 4.208930830389581365e-03, 1.924154110819098658e-03, -2.850929343454502562e-03, 4.557965164389785398e-03, -7.373179649028524171e-04, -4.891802400405325865e-03, 8.672644040523536102e-06, -4.465338316755133527e-03, 1.191449051247519923e-03, -3.804744160426765283e-03, -4.647115829365890474e-03, -1.913275015352663023e-03, -1.096395118766753819e-03, 1.788182385498218556e-03, 5.275949888695523685e-04, -7.984911413049166837e-04, -2.697399430968711737e-04, 2.832299697135269578e-03, 2.003325048258400992e-03, 2.703462505250530876e-03, 1.059257135403966765e-04, -3.228239589006138069e-03, 4.111707491479422300e-03, -4.227026911730710941e-03, 3.688142984586207859e-03, 3.123481564924122239e-03, -4.260930032313724192e-03, -4.166368314164277213e-03, -2.915190861481869143e-03, 9.376989394890592952e-04, -1.94020859414375e-01
-3.113846899624416169e-03, -1.762911601809561638e-03, 4.807372185385686697e-03, -2.099012657418777329e-03, 3.529321881571682168e-03, 8.288150969025685419e-04, 4.465328132800429686e-03, -3.689141418867851810e-03, -3.247430035981743561e-03, -1.297393369254088661e-03, -1.166934274515992517e-03, -1.428979225312986510e-03, -4.619279252762105090e-03, 2.263343454627827697e-03, 2.645970621540036545e-03, -8.043678529897017176e-04, 5.009441176047693678e-05, 3.928930294737535342e-03, 6.825603904920801018e-04, -1.574672766134799749e-03, 1.368264995460665399e-03, -2.534768568588854562e-03, 5.724425638827142226e-05, 4.923341915797517163e-04, 8.023687945129930749e-04, 4.138647941531219815e-03, -1.940651475515537371e-03, 1.583207408296298351e-03, -3.445491456154818090e-03, 1.889279449916458908e-03, -4.403284065193057047e-03, -4.928100617499390525e-03, 1.064744244585800678e-03, -5.985230863639872528e-04, -4.568110902961870431e-03, 1.720251959967558468e-03, 7.237448105968224271e-04, -7.626145589075331022e-05,  2.08152237173910e-01
-3.800862586051497599e-03, 3.263092664753412461e-03, -4.316122069305062918e-03, -4.135316301438724668e-03, 3.570696870395075398e-03, 3.902426851019973747e-03, 1.779257380076591094e-04, 2.827341957339427059e-04, -5.197649322107198919e-04, 1.239205824615676257e-03, -1.598393768327458116e-03, -2.412434437701939122e-03, -1.450097144872748364e-03, -6.019213015508182232e-04, -4.852970878224983908e-03, -3.461807798886521945e-03, 4.846850636343064817e-05, 4.759366323517918301e-03, -3.972778071173400233e-03, -4.681677917374558670e-03, 4.488866880470659265e-03, 9.472194917047324983e-04, -1.699679250695976945e-03, -3.205372072109778821e-03, 7.423082583768031428e-04, 4.016264251474202865e-04, -2.201603566803631267e-03, -3.874716606101356441e-03, -4.716249810683972692e-03, -4.731478199942062805e-03, -2.214321125176410901e-03, -2.738503289624807848e-03, -4.967347379736813603e-03, 2.102389890712265744e-03, -1.418802837568318344e-03, -4.258813713463200160e-03, 8.884992447782550165e-04, 2.042712663661286863e-03, -6.80027660195575e-02
-4.532053717331908579e-03, 2.407608689193631302e-04, -1.937454051578995327e-03, 4.590550951831719878e-04, 4.812368872387869437e-03, -3.019383104844570575e-03, 1.993453421398071884e-03, 3.809041916325072233e-03, 2.939642824655534087e-04, 1.130771698727857724e-03, -1.844321979044258319e-03, 3.377925297717276551e-03, -4.550335604443169965e-03, 2.220756427094288700e-03, -4.690581242258795580e-03, 4.308995858290575257e-03, -3.150284128720644110e-03, -3.288798776824063304e-03, 2.431748998118789078e-03, -1.697284723076388120e-03, -4.302581563178730847e-03, -1.623097681683852590e-03, 1.755917209491534431e-03, 1.712494100703699888e-03, 4.850437404369392982e-03, 2.274888849759029719e-04, 1.843461581492074342e-03, -1.922328521169043309e-03, -2.808131569075993528e-03, 3.079366346337986116e-04, -2.458314650820362952e-03, -1.267691047550474452e-03, 3.064977211783904629e-03, 4.301635172602312485e-03, -1.901844826410547390e-03, 1.323544456905059209e-03, -1.237296988780331626e-03, 3.656885563038244844e-04,  9.36708836340483e-02
1.457693695924647259e-04, 1.906033258290338456e-03, -4.159641199188981661e-03, -3.568590788263405894e-03, 1.357998929989518572e-03, -2.630150696747156434e-03, -2.316751089982589662e-03, 2.537100191088507463e-03, 1.486602159004335802e-03, 2.651479958205131549e-03, -2.897030610507960249e-04, 4.494599604699686321e-03, 4.169444625071135058e-03, -4.611719473684243106e-03, 1.042392012355634369e-03, 4.554655763909095170e-03, 2.611047713331551834e-04, -2.324814932095002444e-03, -2.569534249448516151e-03, -2.401891591136209175e-03, 3.180314741836479456e-03, -2.618979616324137571e-03, -2.004784571772647798e-03, -2.418725235132316437e-04, -2.914790485520992770e-03, 3.040985556773801932e-03, 7.216878262428939178e-04, -2.393559557216243597e-03, 1.467314777508678045e-03, -1.341542543157801977e-03, -3.514959321550405885e-03, -2.610731720739272333e-03, 4.733844886734913868e-03, -6.140292352655816327e-04, 2.166781210051873033e-03, -6.107947737498701721e-04, 3.295159162329943520e-03, 2.488376406128975545e-03, -1.60127685756509e-01
4.604687981135769520e-03, 1.691741041857141095e-03, -3.504712186902566445e-04, -1.906380148486542560e-03, -7.328576532074099897e-05, 4.933427911236843572e-03, -1.880432586792672636e-03, -3.644184005603162864e-03, 6.776439799228871005e-04, -4.193524388816007725e-03, -4.854780497432415083e-03, 3.154804480370353506e-03, -1.945664028622441383e-03, -4.664423043154324738e-03, 4.468387984140858096e-03, 4.769704607516781283e-03, -2.552394538207801607e-03, 2.285132886324325180e-03, 1.740970363858842899e-03, 6.175479034542978932e-04, -4.589913107058228754e-03, 3.134910326133069636e-04, 1.893405392071689265e-03, -1.685779315201016860e-03, 1.958525273564041234e-03, 2.748816031939511212e-03, 3.387458406817183548e-03, -4.141074128441331152e-03, 1.075993673536049765e-03, 2.163051052703477903e-03, -8.449342507279265779e-05, -2.376253400525465270e-03, 4.415753046799697490e-03, -1.988849986772873047e-03, -4.063307186102405565e-03, -6.003655810137096399e-05, -2.149557580657602152e-03, 2.281245231667534436e-03,  2.54814261771006e-01
4.864717981260282403e-03, 6.044062206093806303e-04, -9.776938311843947141e-04, 1.098863085216124358e-03, 1.896498533949311782e-04, -3.224192692589715904e-03, -4.077298378657697245e-04, -1.079271514372536454e-03, 2.007195699157663001e-03, 1.833430158283894280e-03, 5.099060621270544436e-04, -1.138381478701004559e-03, -6.258732688318646362e-04, 4.310500605652481387e-03, -2.468416446982010185e-03, 7.107674545165209440e-04, 2.853169638186218299e-03, 1.291832896286572441e-03, 2.357652831663592172e-03, -4.269334844293645043e-03, -1.764327525885388184e-03, 2.981169864619579585e-03, -1.527903381197409302e-03, -8.053363077877469245e-04, 2.952010679001193516e-03, 3.084180391827229251e-03, -1.240625684856924184e-03, 9.317103575449637784e-04, -8.386767858362138145e-04, 3.067017432480731789e-03, -2.572024519429858946e-03, -3.529519922073156603e-03, -2.312034750640023801e-03, 1.906444351380348623e-03, 3.600368168246241216e-03, 2.398136020968280428e-03, -1.646715947238924001e-03, 4.710329862997759270e-03, -2.56504544610666e-01
-2.589415340054045112e-04, 7.211344951787591190e-04, 5.292401765712917081e-04, 3.845168868454849204e-03, -3.992975862069952919e-03, -2.990711400730268043e-03, -3.735447818341695869e-03, 5.391885555777985173e-04, -1.904434718358525864e-03, 1.403974959171645429e-03, -4.815908102128939675e-03, -4.033603800155669342e-04, -4.124731279626262653e-03, 4.295260617185634594e-03, -1.091096070458415744e-03, -3.619137234378608670e-03, 3.873741874172354285e-03, -1.561963417215056320e-03, 3.616372903392239130e-03, -8.347114399914479232e-04, 1.936197813790530367e-03, 1.203585885145800477e-04, -1.149901105718305686e-03, 3.453407951929592795e-03, 4.483100989128734060e-03, 2.271677917233707981e-03, 1.665946600292923623e-03, -1.255896630498339571e-03, 4.545941885267718030e-03, -2.456259578093651207e-03, 2.698519874770931824e-03, 1.608835812063572936e-03, 2.604587864587142552e-03, 3.701416049421936069e-03, -4.457823441985837333e-03, 3.895214725908790684e-04, 2.575172931188952040e-03, -3.966849363380825153e-03, -2.28311007618088e-01
-3.056889065197656435e-04, -2.937163483379757675e-03, 2.636786409363226814e-03, 2.054798154372369963e-03, -3.832673018229656482e-03, 4.627453082647156601e-03, -4.480798901584600626e-03, 2.057147067535184531e-03, 3.930827863172612832e-03, 1.817229648651639412e-04, -2.788180553944402413e-03, -2.668413855599700152e-03, 1.799731764700443319e-03, 7.581043886840431803e-04, 1.505450440239339098e-03, -4.295998277146855469e-03, -4.033953829339323623e-03, -1.911670678899808195e-03, 2.552614020886895436e-03, -4.109964469490846178e-03, 4.928934177510758963e-03, 3.744293604023670591e-03, -2.175385470940763982e-04, 4.117663307415151200e-03, 4.794566157513575205e-03, -2.569636433012111119e-03, -1.382985822508625215e-03, -4.401731075252231402e-03, 1.935394607488748545e-03, 2.624536490207067009e-03, -1.419695059895017229e-03, 1.057436750947132742e-03, -3.622075157456535865e-03, -6.273816048699950090e-04, 3.710314656727137228e-03, -3.125357305508200817e-03, -1.461353558632888516e-04, 2.882913372287592216e-03,  5.13459546671039e-01
2.763845348536598037e-03, -2.002286048352396562e-03, -3.868355248942505036e-03, 2.130228966320096493e-03, -1.010447100149446283e-03, -3.597351309124266049e-03, -2.351749788079575756e-03, -3.339555135728279438e-03, -6.375825292206076939e-04, 1.886330967364725081e-03, -4.405084642767804343e-03, 4.630338922148454286e-03, -1.365735501286278412e-03, 3.575673042367845042e-03, 3.296529266181775705e-03, 1.150583944984323592e-03, -3.285236212099761771e-03, 2.141383187802366715e-03, -3.323184306291193223e-03, 4.052660195989004135e-03, 1.650755506682737711e-03, 1.340081557809132996e-03, -3.250539326690330810e-03, 4.479089514468386629e-03, 4.271815473716765454e-03, -1.320135227535161777e-03, -2.062935886376531750e-03, 2.957673808258436815e-04, -5.123422886704016507e-04, -3.976315291694400636e-03, 4.848734545379479802e-03, 2.879167365131562323e-03, -1.288761835533678082e-03, 7.619840377315412541e-04, -2.372270087130593647e-04, 8.818267787596336532e-04, -3.917382712251532562e-03, 9.611565362060668638e-04,  1.10354095866226e-01
-8.632903067443045003e-05, 2.625470618195392854e-03, -4.787375733908801750e-03, 6.646427024402223188e-04, -1.370828719593905880e-03, -7.282126385567411209e-04, -3.580690306775763734e-03, -1.312341051043109698e-03, 4.949145803822307607e-03, 3.655576635962705032e-03, -1.306739528240570547e-04, 3.600399036995691887e-03, -1.063481433694883627e-03, -1.318073714384379678e-03, -1.461815494888597973e-03, 3.995660719313643208e-03, 1.396500234791778206e-03, -1.598446159184275031e-04, -3.386376399920055808e-03, -7.864911577667773462e-04, -1.471006913769237322e-03, -3.022061196148924291e-03, -3.026816546722445843e-03, 1.430288202359760071e-03, 3.198476016852578804e-03, 5.567391854634081913e-04, 2.977354968714108693e-03, -1.733309164460902947e-03, -3.894701632335254016e-03, 1.662870749593287067e-03, -4.601440408264914107e-03, 3.301425754589977501e-03, -4.869575375008709968e-03, 4.124917080081454135e-03, 2.642425282106835617e-03, 2.278104525092574002e-03, -4.600892323384290356e-03, 3.112640623538052639e-03, -8.57791314959211e-02
-3.302699702919565956e-03, -3.687241769231219476e-04, -1.091809378623231734e-03, 4.509555485351021686e-03, -3.801885817716788019e-03, -2.281357864331795288e-03, 1.304619089367098708e-04, -4.323911083039385858e-04, -2.501791031758841821e-03, 4.820649472807268798e-04, -1.014951777317864637e-03, -1.736516841642290598e-03, -9.734435030145874995e-04, 3.350540868517489640e-03, -2.833028401705815769e-04, -3.745949414981776093e-03, 4.410529188731988209e-03, -1.130641359805753272e-03, -1.718725522532066168e-03, 1.433754298319476518e-03, 3.808534134668464452e-03, 2.794681026399607575e-03, 3.617464797571058599e-03, 4.788827333250238877e-03, 4.532958876533014700e-03, -2.713670579312840812e-03, -1.899583089115900684e-03, 2.004261564425092838e-03, 1.390268199129972120e-03, 3.438165654619769820e-03, -4.523090467087571322e-03, 6.000967583594278218e-04, 3.643777488034911916e-03, -4.731736174672346307e-03, -5.747829162945682427e-04, -4.097921205162924005e-03, 3.585767735205318621e-03, 3.175256139777747968e-03,  2.14903812824548e-01
4.196119295977235666e-03, -2.501090879668506090e-03, -4.075245596645322467e-03, -4.465175344059079884e-04, -2.969994668227614407e-03, 4.591801645628666370e-03, -3.854224695559549472e-03, 4.447115219615285775e-03, -4.904446416818574253e-03, 3.847238386196553256e-03, 4.273578214604655326e-03, -7.757078329371390121e-04, 1.578718235993262914e-03, -1.437987242527525786e-03, -5.725173384585873632e-04, 3.219815931084215807e-04, 1.740478080876958072e-05, 4.395310709190745554e-03, 2.861973407912736869e-03, 4.778145812024767874e-05, -2.126809964506730464e-03, -2.433884994257898109e-03, 3.901149500984595411e-03, -4.960842311186609496e-03, -3.753271075292511673e-03, 8.256531039835691282e-04, 2.707781784811255296e-03, 2.786767030718928159e-03, 4.941656331617506892e-03, 2.780658992757999159e-03, -2.250048610377644847e-03, 4.849765311096319517e-03, 1.736042238351064720e-03, 2.691720970010832818e-03, -2.793368109774773539e-03, 1.326917461689477822e-03, 2.882254839344310093e-03, 3.803917199911105440e-03,  3.04193066981759e-01
-1.943642284856360487e-03, 1.340420877702328505e-03, 1.492881851954091198e-03, -2.303719363250824031e-03, 2.273852482651073439e-04, 4.062242612609812467e-03, 3.871519134140393587e-04, 5.902948042852997068e-04, -2.725999265203293137e-04, 1.859151547003444135e-03, -1.469383359360669147e-03, 2.677347160022572510e-03, 1.809669984848041521e-03, 1.113514480965470052e-03, 1.880513053878980594e-03, 1.454608009652622914e-03, 2.256698466724464322e-03, -2.595263317580433736e-03, -1.855492253792410950e-03, -2.398928365764827538e-03, -3.154153431854891942e-03, 1.923534059133309541e-03, -3.371802511914699131e-03, -1.944107645833603650e-03, -3.748124642744781257e-03, -1.364600168580867683e-03, 2.108368792823970758e-03, 1.938826541763173650e-03, 4.722391623087228776e-03, -1.783497855573981661e-04, 8.507919272973613403e-04, 3.424174415246679370e-03, -2.909632921078084567e-03, -1.400552120215585537e-03, -4.512773433495560066e-03, -3.284499258472831432e-04, -2.618084729389759217e-03, 3.534952566565094378e-03,  3.55937503113116e-01
-2.824612920104115077e-03, -3.288898492710218280e-03, -4.526707735930013583e-03, -7.023551890896545177e-04, -2.870932908725935730e-03, -4.297650398549415773e-03, 1.821494983591610828e-03, 3.872920604927851049e-03, 3.810137882190993766e-03, 2.394481074695261648e-03, -1.047184977983063071e-03, -9.284079022908887230e-04, 3.417997684820019144e-03, 1.952099906933433410e-04, -9.405323395997398223e-04, 1.282173169532625952e-03, -9.184054786702004411e-04, 7.907454401304475286e-04, 2.798082412757186416e-03, 9.744673191380975874e-04, 4.682637377864786246e-03, 1.220566498312795727e-03, -3.588001021362884069e-05, -3.533518721696602034e-03, 4.421545435190460741e-03, 3.740299424248801768e-03, -1.350813775258679489e-03, -2.176470982497135092e-03, -4.527518598343166153e-03, -4.314825675497964419e-03, 3.004995747989881727e-03, 3.664053107125409686e-03, 3.035218524232538573e-03, -2.517291750548916480e-03, 4.669358610071084117e-03, -4.705541677519070945e-03, 1.475954099955932228e-03, -4.669661387838490788e-04, -2.94349573100190e-01
3.813097741496842760e-03, -4.397014542912195539e-03, -4.123788848524359042e-03, -2.630882949285217893e-03, -2.462218803761423262e-03, -9.242206615707954445e-04, 2.519334921916967056e-03, 3.782403672831264815e-03, 6.546493196978673407e-04, -4.687352413479825564e-03, 2.247522052805453648e-03, 4.001944073465043411e-03, -1.329810007559671485e-03, -1.871593685217155540e-03, 2.747675158336042832e-03, -3.249055216882501367e-03, -4.767460635539695797e-03, 4.806673317970099057e-03, -4.939082316028220107e-03, -1.522158348471695094e-04, 4.912706581926733554e-03, -4.738025264749770593e-04, -1.759197651581955596e-05, -2.167615148322203384e-03, 2.166717944858855514e-03, 4.307482466832296408e-03, 5.471387004445799063e-06, -4.507957328358589387e-03, -3.613720694459213179e-03, 8.434185528904186366e-04, 4.567681702583198736e-03, 2.954114918415452068e-03, 2.991326308200894374e-03, 3.773288182404421071e-04, -4.690585297624136861e-03, 4.998849741150293569e-03, 2.705619973863319233e-03, 2.306972291211115134e-03,  8.76571021432088e-01
4.764494057627710957e-03, -2.549644178672996319e-03, 1.719742646043576073e-04, -3.922095748538465161e-03, 6.293221681556021574e-05, -3.685470659026524043e-03, 1.735303477961354195e-03, 3.587765361311551562e-03, 3.251065294791971247e-03, -4.475169154385907032e-03, 1.254675033125630945e-03, -4.722315394419711668e-03, 3.011961339962685238e-03, 4.437928432656933556e-03, -1.002481673851170554e-03, -2.568016127496507497e-03, -4.512733296409996049e-03, 2.997410821883320781e-03, -1.082045535106407330e-04, -3.328109855020898802e-03, -4.529973621892999409e-03, -8.522300604127744372e-04, -3.009338939170291306e-03, -2.818866979896614538e-03, -1.214645237251133110e-03, -1.648259741959713729e-03, -2.516538008511228636e-03, -7.559030472921732594e-04, -4.777239704868004207e-03, -3.952591524212339426e-03, 4.228085595610473618e-03, -3.726780097441069819e-04, -4.504904874004491723e-03, -3.298463516636859338e-03, -3.224107515756957903e-03, -2.740484304017837443e-03, -1.359732684791532288e-03, 2.693273293829876597e-03,  8.36868030455940e-01
-4.425203921192973414e-03, 3.207594520763116033e-04, -1.114942876655254742e-03, -2.696813233625146734e-03, -2.098092851668912229e-03, -2.447999874998919422e-03, -2.307974469309232932e-04, 4.518884602419436305e-03, 1.386693887830651485e-03, -4.108388505477726660e-03, 3.852196392485620832e-03, 8.609586366287195688e-04, -3.021284851665909186e-03, -2.484950401824794017e-03, -1.967120579351550828e-03, -3.687469613384397604e-03, -3.900294717720624582e-04, 1.891468245470549585e-03, 5.984001435312500533e-04, -8.182675974822044632e-04, 1.013868758140250466e-03, 2.138041517855038612e-03, 2.480683156364673833e-03, 4.636530712252624753e-03, -4.228337008713460056e-03, 1.929510684713336977e-03, -4.598745070231552781e-03, -4.200350905722884977e-03, 3.513151540568359987e-03, -2.421661269113859535e-03, -7.057267694232536789e-04, 4.777279885615120028e-04, -2.252557299758680201e-03, 6.969832700936262615e-04, 4.364031418274069013e-03, 6.526830160758466393e-05, -4.946630864740143678e-03, 4.666493382466749967e-04, -8.67291676546200e-02
1.564036942541440281e-03, -2.890153032852887417e-03, -1.667332322289716718e-03, -4.520320560064709434e-04, 3.809278576784634954e-03, 3.056838437347726700e-03, 1.720933117592961421e-03, 3.222444458201783463e-03, -3.614587986117472236e-03, 4.221736873352175540e-03, 4.417563630561871166e-03, -4.969449783685785452e-03, 2.225177118823005312e-03, 5.655529745224501317e-04, 3.413257485979148687e-03, 3.474314665561152246e-03, -2.034345227015317472e-03, -1.076144995183433289e-03, -6.183144768285974563e-04, -8.912049854688502276e-05, 3.458803454481958889e-04, -2.568225451459024179e-03, -1.999319111403142189e-03, 2.089845622727871770e-03, 3.880751155923454696e-03, -4.362317793195816425e-03, -4.731158395277783660e-03, 2.114369476223592302e-03, 4.080157331011453545e-03, 3.160404821258726293e-03, -3.356834271437984449e-03, 8.449582411586796515e-05, -2.731543400597561105e-03, 4.548073573307019613e-03, -3.683982766037804512e-03, 9.672796089720426399e-05, 4.618643333958987601e-03, -2.810024371813004806e-03, -1.77182712405457e-01
-4.419815724460564137e-03, -4.603888487783884889e-03, 2.943018873347870087e-03, -1.771283113089610825e-03, -7.434895681895162256e-04, 4.670587082024049361e-04, 5.595978948856527788e-04, 4.315058844732716156e-03, -1.429420236798195892e-03, 4.449366471340553131e-03, -2.954810175879361844e-03, -3.854410929211541867e-03, -2.030423993251874362e-03, -1.147969925178156294e-03, 2.167205850675590038e-03, -4.073393695896918888e-03, 1.729343790132915198e-03, 1.729689000729791627e-03, -4.683146260216582667e-03, -4.398872240981974678e-03, 2.702699644744892271e-03, -8.833570645848934019e-04, -3.450561525522337011e-04, -4.675495442598830848e-04, 3.302494174395808127e-03, -9.872445347310094405e-04, -4.932576223809844070e-03, 3.270284903233316304e-03, 2.772663436672295409e-03, 1.179337802675817226e-03, 1.746598191805316669e-03, 4.822780818843153475e-03, 5.839357549432570502e-04, 3.491090626821334933e-03, 3.078291249255417014e-03, -9.374812032219093441e-04, 4.878301679601347238e-03, -4.812052455345471220e-03, -1.86345679001854e-01
1.886048950009376265e-03, 3.387044578683964108e-03, 1.854949981504756644e-03, -4.608068740059005283e-03, 7.655363949580148986e-04, 4.441774064972701594e-03, 4.971412465063872535e-03, 3.013478813398020803e-03, -2.023768692166066224e-03, 1.316492947941618266e-03, -1.872872643770589172e-03, -4.790329850406700209e-03, -7.074148510559392228e-04, 2.833939383463515010e-03, 2.087820688772563070e-03, 6.124384105017574575e-04, 6.668043955076205856e-04, -1.295136558166554326e-03, -3.534853067215994182e-03, -1.446751136258223915e-03, -4.707488249614975515e-04, -1.858417103703814861e-03, -3.287068577287744278e-03, 1.921545634509395743e-03, -4.441358807261753389e-03, 4.104834938732711269e-03, -5.849711974519932259e-04, -1.636549999325833619e-03, -4.234651937362864278e-03, -3.595285868340895863e-03, -4.533159613335775544e-03, 2.343615189129349616e-03, -2.946555506670651622e-03, 4.160356941055237678e-03, 4.041198227849492064e-03, -4.115869707423431764e-03, -3.490985155301481145e-03, -2.419442481747998645e-03, -5.21603435464639e-01
-1.772284938798206980e-03, -2.985910882566218932e-03, 2.831579694899387031e-03, 3.443859895997486778e-03, -8.450266675391702315e-04, -2.947686527330578652e-03, -1.142011327066730104e-03, -9.669635406065260619e-05, 2.341771248359276157e-03, 3.411600129804320813e-03, 6.137110442910190602e-04, 4.808745740290401582e-03, -1.158513758238633676e-03, -2.219029434162630293e-04, -3.926715341920142266e-04, 4.246653312597140420e-03, 3.497272332821290547e-03, -3.898438534446044008e-03, 7.706134948693103143e-04, -3.696964864599066453e-03, 3.972445434702948780e-03, -3.762984311054966974e-03, 4.379058768818841832e-03, 2.974371053574694987e-03, -1.934480076439455600e-03, 3.338119890931561667e-03, 4.889182942289764175e-03, 3.766841185940731501e-03, -3.033497110764336955e-03, 4.609375522041277151e-03, 3.183459721801593784e-03, 4.501015288292491145e-05, -3.401476132412018481e-03, -4.853206772946917075e-04, 1.299361863016112312e-03, -3.871199896439197694e-04, 2.458849302402258546e-03, -1.817665085210908200e-03,  5.56079441123494e-02
2.155651933409573340e-03, -1.250777756051219252e-03, -2.312674984667080751e-03, 1.785052688383854773e-03, 5.358978673326081008e-04, -1.340085832316839989e-03, -3.763776847494108672e-03, -1.438990376597949674e-03, -4.980051930609353562e-03, 7.593292728274763162e-04, -4.190257456876719799e-03, -4.241238211511412157e-03, -1.421113779216414807e-03, 4.639952704128962740e-03, -1.214441748027929660e-04, 1.393684888352344879e-03, 2.497681146270138222e-03, 9.084915256199702777e-04, -5.698424143793642468e-04, -3.569729312808354090e-03, -3.587459438200265444e-03, 1.953353713399942973e-03, 4.563351239525802183e-03, -1.420255826050831512e-03, -3.194961193548801620e-03, -4.760712144167765676e-03, -1.217651396581854312e-03, -1.804900375812331249e-03, -3.757386867925613036e-03, -2.745169514625029651e-03, -4.816960268445788507e-03, 3.642192473827906424e-03, 1.534497612324632956e-04, -3.638980982817876988e-03, -1.260847111113406506e-03, 1.226594358070421525e-04, 9.169069027973979213e-04, 2.190278541526335422e-03, -2.41530712399077e-01
-4.559735406803486386e-03, 3.966610922331878161e-03, -4.398722906105939287e-03, 3.966924329278894226e-03, 1.418100361266682631e-03, 2.842410874122748218e-03, 2.074832250111726881e-03, 4.457763630077863151e-03, -2.032460065318729414e-04, -3.992214784224236770e-03, -2.930646711823668010e-03, 1.310818643442789554e-03, -3.818265026713815128e-03, 4.271842038736192726e-03, 3.143713867426933470e-03, -4.516374818478040634e-03, -1.403415048365951739e-03, 2.520028538941861303e-03, -3.781592554502736549e-03, -4.424233228015200109e-03, -2.621276547725312663e-03, 3.928536108988184630e-03, 3.365789791084405555e-03, 6.079412645748315247e-04, -3.304611098763888394e-03, 4.018955143792631718e-03, 1.627418247202398575e-03, -3.619591522395353665e-03, -3.552045432126835385e-03, -9.155642876638144315e-04, -8.946967292426388774e-04, 3.357616041201454474e-03, -1.959291337569102603e-03, 4.949375899993111935e-03, 2.761845541995989507e-03, -1.458254447486116278e-03, -1.041555007452602336e-04, 1.061884135910929131e-03,  2.27971150749094e-01
-9.032968507150110696e-04, -3.884842514327254727e-03, 4.104583045226210120e-03, 3.672027567708343460e-03, -4.099571465323983976e-03, 4.707966362056158552e-03, 1.318030052925081401e-03, 2.220201142339528824e-03, 3.752440213198322827e-03, -3.115044312325616731e-03, 1.614403133051781764e-03, -1.710270796988785143e-03, -6.751468876444429237e-04, -4.540803763540543665e-03, -2.519874224447340993e-03, -1.201843955030357930e-03, 3.063287952490391722e-04, -2.729161780445614732e-03, 3.973569124456378943e-03, 3.399404491944389706e-03, 9.973895859196725902e-04, -2.664237341808141975e-03, 4.300951271501504344e-03, 1.076493657424416536e-03, -3.569556601599258028e-03, -3.818948906522868884e-03, -2.538693303574699519e-03, 4.097101885152594145e-03, 1.682881381448785539e-03, 3.780232776494432678e-04, -1.215335201479567518e-03, -2.236133081787518989e-03, 2.169026085976327733e-03, 3.141941487281255802e-03, 4.272148784794977186e-03, 1.810761348465087656e-03, -3.264552190921788354e-03, 3.331746782191873785e-03, -4.05875091408873e-01
4.014860416476586161e-03, -4.015467166001604818e-03, -2.344591810577638467e-03, -4.230551637730269564e-03, -1.979542991754313589e-03, 2.164982818621862329e-04, 6.518296716898188195e-04, 4.078359704149294579e-03, 4.227078255481244232e-03, -1.163103221585319504e-03, 9.363334136825362738e-04, -3.186667931148558230e-03, 3.061208560730530742e-03, -2.741773808273630184e-03, -1.206736588895582392e-03, 3.216047468295110678e-03, 2.141491457673463938e-03, -1.009995092029204213e-03, 5.699299846926931049e-04, 4.499697278057298092e-03, -4.688234546356512440e-03, 3.988357953681579554e-03, 3.330227922776946708e-03, -2.248216134955413528e-03, -2.231341204846907633e-03, 3.617332937664757483e-03, 8.833469794646189172e-04, -3.197303644600826139e-03, -1.378678747546917965e-03, 4.872927039494857893e-05, -4.384301802121998333e-03, 4.776468917859894719e-03, -2.652753177124578341e-03, 4.021720332889819338e-04, -4.706320872831452895e-03, -7.179658267161721785e-04, -2.618833127820815662e-04, -2.990985260535967191e-03,  4.20546764795516e-01
3.418631807970060749e-03, 1.946195402373925368e-03, -3.526444930822717622e-03, -4.870127609651540325e-03, -3.893649484392567185e-03, 3.370870211947433331e-03, -3.338395165334973221e-03, 4.254007620577303708e-03, 4.195759523792950280e-03, -3.135835081770343979e-03, -2.409164772611236370e-03, 3.232995147563465579e-03, 3.503608755574452033e-03, -1.714887769541586279e-03, 3.058507273918166167e-03, -4.382259334374177979e-03, 4.519640459856096026e-03, 5.315188979449674347e-04, -3.598973954061222488e-03, -2.810534642041025329e-03, 4.300161603018345588e-03, 2.960114713172534717e-03, 3.935796656490114093e-04, -1.361486346762676592e-03, 3.750361056517699174e-03, -2.003536295256791444e-03, -5.551256978441297674e-05, -2.216020551272033200e-03, 1.907199512952515580e-03, -4.346993791581582785e-03, -3.822610241369218606e-03, 9.767568919695950383e-04, 3.506761933638115336e-03, -7.356239424088171358e-04, -3.037155200280306378e-03, 3.400028982178679784e-03, -3.773384519777607526e-03, 4.095023155408248489e-03, -2.08603567822416e-02
6.355740350473928005e-04, 3.625912432101200539e-03, -3.714986983600388187e-03, -1.455188574989127112e-03, -4.963616913484882910e-03, -2.729278380021740984e-03, -1.794038996696390321e-03, -3.507571942483960793e-03, 1.812204422842826276e-03, -3.644074764144792332e-03, -3.635529997242816294e-03, 8.079938667950826645e-04, 4.171894422974695843e-04, -1.113989398550168253e-03, 4.603367941345965289e-03, 8.031960423821558892e-05, -2.637493361451412940e-03, -4.252402062986931387e-03, -4.984340066294639347e-03, 1.814050261511171436e-03, 1.568708218161108357e-03, 4.890083896428313454e-03, -3.544403307419192323e-03, 2.703114559421873793e-03, 4.619800459045133798e-03, 4.702646935232172518e-03, 2.735300082868958628e-03, 3.379498410134580688e-03, 2.258760333340296619e-03, 1.044150211945165177e-03, -4.834630057076128896e-03, -4.359565435195668706e-03, -4.495281615240526336e-03, -7.661723923277534778e-04, -6.939432727315923352e-04, 2.336519412223826697e-03, 4.377335025384593292e-03, 1.905177072260652409e-03,  6.13707886023635e-01
-4.180603870901503441e-04, -3.588751658344142056e-03, 3.805914755031234234e-04, 3.625798230652548665e-04, 3.073430682034071840e-03, -4.274332548644963273e-04, -2.107816570722553622e-03, 6.891328880544332278e-04, -4.825348834980400931e-05, -2.371971367635470306e-03, 2.345879335039113139e-03, -3.510686048681518727e-03, -2.654931061861530786e-04, 5.452985001905032159e-04, 2.028610540884921189e-03, 4.201301970003590638e-03, 3.790487923847419074e-04, 4.684517665390510940e-03, 3.546894415154112565e-03, 2.473273629878258717e-04, -4.481500523322844501e-03, 1.166337018335157974e-03, 1.134753817376829045e-03, -3.388042926394324930e-04, -1.417540749114225632e-03, -4.947214598390070259e-03, 2.361638752244339841e-03, 4.324080832204601349e-03, -2.721385737764064894e-04, 4.944269002562267507e-03, -2.181414464749471989e-03, -2.813247426861560478e-03, 1.521435066651505297e-03, -4.618310593979633311e-03, 3.899050801911246866e-03, 1.519378430812956537e-03, 4.777631948287985528e-03, 3.503329096801840320e-03, -3.44244570930469e-01
-1.549913510238604825e-03, 4.621547806467009648e-03, -3.641989409750971858e-03, 1.215088749914415740e-03, -4.649600200261337288e-03, 9.973270423119118960e-04, -1.151394284038855832e-03, 2.709373257074032364e-03, -4.275469241601814567e-03, 3.199233581826775238e-03, -2.385366770801401314e-03, -2.192435865689588981e-03, 4.527866665991493039e-05, 6.202839541049566183e-04, 3.364682881912595819e-03, -2.920023649876893508e-03, 3.121793756833189312e-03, -1.423291966440657676e-03, -2.520530824556129965e-04, 1.071496475088633271e-04, -1.698956340277604001e-03, -3.162783921900475838e-03, 2.660696463928531597e-03, -3.873955146378561289e-03, -4.326374916039746679e-03, -2.339416198811497625e-03, 4.736340262861109957e-04, -3.271927941355638400e-03, 3.850545841013405107e-03, 2.965795419242637371e-03, 1.014120204905745448e-03, 2.151657294730762761e-03, 4.785885706652196966e-03, -1.561749164696601272e-03, 1.559596837866827033e-03, -5.897315718820074840e-04, 3.438003124871311447e-03, -3.525676089125538704e-04, -3.08224731602378e-01
4.492399361634704172e-03, 3.156488135198372291e-03, 1.132992491636459174e-03, 3.932395367230409264e-03, 2.077451817801091727e-03, -3.026884872295442126e-03, 5.917181954719977210e-04, -2.073307341435517374e-03, -3.361937044505408645e-03, 4.250229022278825819e-03, 9.932016420083301586e-04, -1.977337374111073302e-03, -4.322680262552121289e-03, 4.180182404677247610e-04, -2.913058723443804482e-03, 4.689096907649473178e-03, 1.758998256401524476e-03, 4.100697036861979117e-03, -4.892582267030094571e-03, -3.039767373389707251e-03, -1.245782704404243667e-03, -3.641705420659895227e-03, -4.368404126792504658e-03, 3.397039468902043197e-03, 9.479424242431998271e-04, 4.428892905610246761e-03, 4.477439624961091283e-03, 1.818179774039797164e-03, -1.990893914327590292e-03, -9.263250299800336249e-04, 1.422538795884259639e-03, 3.397005983343300700e-04, 3.146605754385465789e-03, -3.959236479413886720e-03, 5.726911982516123475e-04, 4.778915600039266437e-03, 2.653496056844553350e-03, -1.525263668297675672e-03,  1.01392396845125e-01
-1.567170796204478325e-03, -2.599928548622654299e-03, 8.037343170089455285e-05, 7.741922190681455040e-05, -1.446211088141170342e-03, -1.616914658164219851e-03, 5.332775470093340658e-04, -3.595839518097218752e-03, 3.228800873359876158e-03, 7.867651904477192606e-04, -2.136079680031615583e-03, 3.091385707941993535e-03, 2.972819450927212045e-03, 3.672071044892463720e-03, 2.875758336876414745e-03, -4.938401043251566640e-03, 6.491031190007223034e-04, -5.410966763071036606e-05, -2.602397841055904826e-03, -4.828253824490099690e-03, -3.110173235656774407e-03, -1.530266642592989848e-03, -1.561783437454204553e-03, 3.123985592743154169e-04, -3.027581153046549067e-04, -3.346248185286342710e-03, -2.081676510234530594e-03, 4.400922235764163221e-03, -9.223230989456581569e-04, 2.752347250119015383e-03, -2.855779516143660927e-03, -1.418699233293606917e-03, 6.504770487768523485e-05, -5.286690664858097535e-04, -2.328057513777763952e-03, 1.232718258052952973e-03, -1.933331771392651083e-03, 4.898708399565738017e-03, -6.87916728114015e-02
2.494785435146030551e-03, 5.737005440192679065e-04, -2.569675139444184495e-03, 2.166980475553630971e-03, 4.389070731276921086e-03, -4.838001027964501134e-03, -7.372127702199747154e-04, -4.758671020837807082e-03, -2.735200062086948127e-03, -9.404536098133828986e-04, 4.214282646053803955e-03, 4.750256649709665852e-03, 9.922362431372087899e-04, 1.479743819437735058e-03, 2.328021658480254261e-03, -4.012639039136482386e-03, 4.034192291792190049e-03, 2.041454432232715603e-03, 1.134053080162769969e-03, 4.542460704453242168e-03, 4.546572261324554470e-03, 3.796698654499672601e-03, -2.709229251080723985e-03, -2.725527060308802815e-03, 3.869998504220725430e-03, 4.477908090689354526e-03, -3.499049787942343920e-03, -1.139227018618613630e-03, 3.624959346430350199e-03, -2.979739408327632469e-04, 2.600647383633270318e-04, 1.341333436185735209e-04, -2.443158982918416326e-03, 3.294239153056365346e-04, -3.294955684772163905e-03, -3.037262258107058938e-04, 4.563509531742520123e-03, -1.240520101941171814e-03, -3.20616066747253e-01
1.980636949402157614e-03, -2.765618658450633496e-03, -1.134297286566649139e-03, -2.215988124465557985e-03, -3.788519526712742606e-03, -1.286836842177306161e-03, -3.648799200158195453e-03, -8.019392046539281296e-04, 5.054906300365653860e-05, -1.349832826498484697e-03, -3.385119250378118214e-03, 2.829170328206037643e-03, 4.431526537914396921e-03, -1.269940556470290204e-03, -7.010328161031007671e-04, -4.902797939405902430e-03, 1.307086258627325123e-03, -4.849639310305156777e-03, 2.150337985697846691e-03, -1.210423505825796581e-03, -1.941724187719909636e-03, -1.356879467922997295e-04, 3.990789478153745559e-03, 1.498123963140552198e-03, -1.242422761044702922e-03, 3.459289153199700262e-03, 3.267904500358145836e-03, -2.439012730852944521e-03, 1.665668657017940410e-03, -1.213037790893141919e-03, 4.060350198001286270e-03, -3.305976483304918188e-03, -1.831916492821917663e-03, 3.375265912660546652e-05, 1.808701764513832681e-03, 1.936572962762009124e-03, 5.684921391708374835e-04, 6.356189587467695953e-04, -1.37530351754322e-01
-2.604061614910863943e-03, -2.651816088634348974e-03, 5.955405445050706778e-04, 1.499748694464261671e-03, -2.073325014971625496e-05, 2.898841200893441730e-03, 1.003838151861276111e-03, 1.954809718063914813e-03, 3.561106164938746335e-03, 2.145468833082088758e-03, -2.759575569176705122e-03, -1.808073682332975596e-03, 2.016064213223410853e-03, 3.008833318981560603e-03, 1.077349339025091002e-04, 4.497226396224207959e-03, -3.362122958915954828e-03, 3.226293235033702439e-03, -4.075121815317397922e-03, -1.548757987395127031e-03, -4.473923771476395229e-03, 2.921245354388984569e-03, -3.593800227232673509e-03, 1.252418503165372149e-03, 4.201762629121768081e-03, -3.975397569906976084e-03, -3.586402062280095830e-03, 1.901408756590749517e-03, -3.680501030005420976e-05, -1.400894273867948469e-03, 1.787691336029323397e-03, 2.560904273542741541e-03, 3.728548116809062354e-03, -2.321801984832674252e-03, 1.247725040416558864e-03, 7.441828798544197071e-04, -4.339057219260431322e-03, 4.929495866390999625e-03, -2.36139925184077e-01
-4.822213258381078359e-03, -2.719930315130442752e-03, -2.780033761861624899e-03, 1.132964986169281846e-03, -3.420875120793152695e-03, -4.424278146747723586e-03, 3.398567099753451934e-03, -3.757945135007162082e-03, -8.356238552358272176e-04, -1.854936519640691759e-03, 1.860608252640306819e-03, -1.838457879109342986e-03, 3.562664847853024008e-03, -1.236285668503359168e-03, 5.519666854604870707e-04, -1.924469497905033442e-03, 3.929858737212636038e-03, -4.173262447892597642e-03, 2.132008114038319059e-03, 3.189305534693768346e-03, -1.554661299554135120e-03, -4.411924070410900428e-05, 3.410638347225847591e-03, -4.686562102270171518e-03, 3.716281322504828497e-03, -1.695130944197798493e-03, 2.629450299045150811e-03, 4.980565623128143868e-03, -1.483201410040812466e-03, 4.393639958026659270e-04, -1.124758074184290229e-03, -1.607408402269569058e-03, 3.650353361622912449e-03, 1.777241082710497889e-03, 4.711882355045183060e-03, 4.618648725588711881e-03, -2.351169890261908205e-03, 4.436572568891686968e-03, -6.40126215359733e-01
1.857635703056708179e-03, -3.226911166389776799e-03, -3.051073982513531971e-03, -1.370847618307946634e-03, -4.060010137890774501e-03, 7.384330794738269699e-04, 4.178404570168719676e-03, -5.788409025701017271e-04, 9.838121097835083803e-04, 2.505400375813033979e-03, -2.251328742795816532e-03, 9.027708149714087221e-04, 3.701287896062140440e-03, -2.429377325687277853e-03, -1.703398598719886668e-03, -4.552919908907973080e-03, -9.447945159672503646e-04, 4.366581971234758872e-03, -3.169262513866303622e-03, 1.894960564364968174e-03, 2.774118315251192235e-03, -3.194173397165715050e-04, 4.272095866304925424e-03, -2.255203761423818423e-03, -3.956362299166567113e-03, 4.044787608169281637e-03, -4.284917771690382668e-03, 6.711511806273273706e-05, 1.980387404778087036e-03, 2.686701661173708337e-03, -2.659666621109323462e-03, -3.287800752431501231e-03, 2.082762667557241411e-03, 2.512637209574323030e-03, 2.426403760650589110e-03, -1.229318807444354945e-03, -1.583857599059537366e-03, -4.201312704229147668e-04,  6.02299771896555e-01
2.294269356621492575e-03, 2.304555802147582530e-03, 4.574237823638570635e-03, -4.169946430140380675e-03, 2.040294117150951055e-03, 3.143592401210412723e-04, -2.408164342022763808e-03, -4.864299911947420237e-03, 4.164297152339544589e-03, -1.391117768471320740e-03, 1.752079409649632061e-03, -2.068670781997679602e-03, 4.048782910522812431e-03, -1.974168179003268908e-03, 1.666630608044752243e-04, 2.813818233803160040e-04, -3.551782677737029114e-03, 3.308059921901494727e-03, -1.237767563570304000e-03, 1.577116374091938784e-03, 3.869029351811527351e-03, -3.349815407397132433e-03, -1.113491175293332240e-03, 2.988648383628573352e-03, -4.179781325018633135e-03, 1.734663321302797739e-03, -3.600264986883151309e-03, -4.685648904504448493e-03, -7.585312865701779664e-04, -2.968170548305115730e-03, 4.516251533723371694e-03, -4.807061156625730240e-03, 4.451980581464889605e-03, -4.051251109977561417e-03, -4.911645445466952462e-03, 2.749846647794903891e-03, 4.969011779419782796e-03, -1.471977969602070255e-03,  1.57056172230404e-01
4.721166796551382744e-03, -2.837527567798295205e-03, -7.919728746522752480e-04, 2.270800830794850352e-03, -2.060766915905696238e-03, 2.227216616528826000e-03, 4.128191255179245595e-03, 3.127259626603397930e-03, -3.786975257060424746e-03, -3.299341019201236860e-03, -3.457012549945229739e-03, -4.311277778946678504e-03, 2.425035157831425744e-04, -6.977635660217517202e-04, 2.712570201102122887e-03, -2.864258113031703523e-04, 5.697702859436453229e-04, -1.242291216005279170e-03, 1.038113087730603394e-03, -3.138422211066061417e-03, 2.777954926254573922e-03, 2.123920729889415895e-03, 1.847822757777476017e-03, -1.392191795605838677e-03, 5.070531411162605348e-04, 1.156183193897332082e-03, 2.760068473734071139e-03, 1.837612227060385871e-03, -2.797400523656267887e-03, -4.978305342017760177e-04, 3.109487145645331921e-03, -7.155622924394653209e-04, 4.211420105038842648e-03, -1.755700722967570154e-04, -4.602563026347906115e-03, 1.864390490502642467e-03, 3.855965548389119965e-03, 2.307543533797522251e-04, -2.28825597631364e-01
-1.164415347518780921e-03, -8.838268334695779591e-04, 3.927157676062054126e-03, -9.236736055625426739e-04, -3.715283535265705671e-03, -3.752011659072501844e-03, -3.522217545033741459e-03, -3.011376813568468307e-03, 1.894867739928340553e-03, 4.062849949505927330e-03, 1.731811119124116588e-03, 3.735790550418116585e-03, 4.559775579054148667e-03, -3.347532458307349388e-03, 1.254052275307444668e-03, 3.760971929862855223e-03, 4.667604287447123940e-03, -1.377745146485228125e-04, -2.809531963262087376e-03, 3.973975167254496094e-03, 2.915316977311713589e-03, -3.678661092177728728e-03, 3.186882770718149280e-03, -4.324399819868719394e-03, -5.661118184120909197e-04, 4.155198761152514852e-03, -3.940556480323334498e-04, -3.384660277746450244e-03, -3.284393617712698735e-03, 2.121609423638714381e-03, -2.320595871364731187e-03, 9.007130825799984294e-04, -1.600948974902440501e-03, 1.154188690413607797e-03, -2.957476070861051517e-03, -4.276263732746987851e-03, 1.596731198296855170e-03, 4.001369675773476520e-03,  3.06811633043155e-01
3.834803015211395855e-03, 4.248058291718207619e-03, -3.792726972412961521e-03, -2.742315939600857566e-04, -2.364096186847721749e-03, -4.773902268751786457e-04, -1.766525374808544570e-03, 3.031322331672994114e-03, -9.088765962142215243e-05, 1.196212342883301930e-03, 4.797944286715165665e-03, -3.891295040130146078e-03, -1.094082345312521326e-04, 1.879745558683927620e-03, 4.289272669730830045e-03, -2.056404888790106574e-03, 4.579770839670304142e-03, 3.166658502372269798e-03, 1.429950537396925715e-03, -1.429765674390466590e-04, -3.966576305782874151e-03, 4.996502078821966203e-04, -3.911974101829453210e-03, 7.092477055016836382e-04, -1.584941224903481990e-03, 2.209297387890431404e-03, 3.205804019871355895e-03, 4.005429593278413830e-03, -4.485919754290009463e-03, 7.693445821516133043e-04, 2.534747881081294250e-03, -2.915922257780151437e-03, 4.260753024023736929e-03, 1.480301957285743569e-03, 7.332406307376249099e-04, -8.786066404551659895e-04, 2.153912316990059216e-03, 1.857861351069922846e-03,  3.24874034014668e-01
-4.863470950624080268e-03, -1.212383741742432269e-03, -2.845937885891994083e-03, 3.453325509203835492e-03, 4.989753104648808266e-04, 6.842341674816853486e-04, -6.683445008525933095e-04, -4.100579285739908326e-03, -3.269134034441586664e-03, -1.573275812271790041e-03, 3.905342254399717453e-03, 1.044007181943808552e-03, -1.490927234277775529e-03, -4.125631378430937024e-03, -3.972706214906886017e-03, -3.642523253308792286e-05, -2.983255684259508191e-03, -9.434063788529281278e-04, -4.485409024665864067e-03, 1.796400054554173759e-03, -1.888339119064580407e-03, 7.010732380207610609e-04, 7.716162435445362427e-05, 5.842648648392003916e-04, 1.563076082752582613e-03, -3.017860369261300604e-03, 3.230166546646198386e-03, 6.006430708759540743e-04, 4.360180528524748231e-03, -1.665726153755419606e-03, 3.492951102835000279e-03, 5.961588515493295923e-04, -4.180233461889876385e-03, 3.828362322577334720e-03, 1.832734024838867867e-03, -1.657466602855607683e-03, 1.687127919940399103e-03, 3.708675757502749581e-03, -8.29822487529370e-02
4.037952012806161547e-03, -3.740800168195271801e-03, 4.226685020683705607e-03, -4.759997290759656989e-03, -5.802236943010467135e-04, 3.392743780383539187e-03, 3.861143298838810509e-03, -2.800526700365512777e-03, 4.836763396062754641e-03, -3.006029368908237631e-03, 1.296527094777260268e-03, -8.386834905899131012e-04, -6.668866940936265392e-04, 2.339889914136243643e-03, -1.989287160384904316e-03, -4.228761316762908590e-03, -1.231068153053419857e-03, 1.151526874768612520e-03, -1.383575563006134070e-03, 5.996938865452652520e-04, -1.554011124853347386e-05, 7.273542255642039683e-04, -1.271670928248407745e-04, 3.738982214333710571e-03, -4.881511095404765521e-03, 2.502444552554747119e-03, 4.361992168195862052e-03, -4.832400480783439686e-03, -1.755571325259073188e-03, -4.997605946151213382e-03, -3.195587242827302270e-03, 1.779690865869748735e-03, -1.168737744717629565e-03, 1.563169614994175914e-03, 2.896645959677437987e-03, -2.691844519884017007e-03, 2.123750081658949337e-04, -4.371467220747040847e-04,  3.72519801262990e-01
3.760834339820041256e-04, -4.548112842786087434e-03, 3.998711567549006335e-03, 2.365423352995805507e-03, 2.572611455434493759e-03, -4.108744898931976711e-03, -4.277765869516983802e-03, 4.055279273722022654e-03, -2.755911829724972100e-03, -1.523885691454956656e-03, 3.394718819493542164e-03, 2.915923692068772902e-03, -1.779522677983273217e-03, -6.949190323311208589e-05, 2.946018755108692488e-03, 5.962489183743728202e-04, -3.089043706276840915e-03, 3.867660822877037538e-03, -4.538022803885194585e-03, -2.215664461028384307e-03, 2.166419142838766146e-03, -4.672021484842726023e-03, 2.232367524681913226e-03, 7.990962152454855055e-04, 1.455629404903086704e-03, -4.726923567822793187e-04, -2.474992799906929834e-03, -7.316941137899104011e-04, -2.121627646373969167e-04, -1.476323451099557753e-03, 1.477367377326066489e-04, -1.094809710277211152e-03, 1.411408286283890971e-03, 2.708009074372167216e-03, 1.774287158884779725e-03, 2.072707066996631355e-03, 4.715851560040076884e-03, 3.238837736619657251e-04,  5.36449923296361e-02
2.704781716367487751e-03, 2.921232211595794007e-03, -6.493848733820951902e-04, -6.733609958126801631e-04, -9.103845591338513912e-04, -4.216805921680186718e-03, -1.823770714012417499e-05, 1.148325115788089573e-03, -2.985315030030068380e-03, 3.483894275476476232e-03, -3.248506617486546233e-03, 1.238189180523909839e-03, -8.461927511133407465e-06, -1.781491815944134804e-03, 1.174946537026441175e-03, -3.076168938482058777e-03, 2.172794102315252218e-03, 3.828948209836582559e-03, 2.456750862597244234e-03, -3.746993216332451630e-03, -4.771555531883745621e-03, -2.928889383912972218e-03, -1.420381770688736427e-03, 4.099088534286404045e-03, 3.982306531807006111e-03, -2.585072042065620843e-03, -1.776565148065253116e-03, 1.004860463733285060e-03, -1.694945872760035468e-03, 1.114603030776556251e-03, -9.597923878160267985e-04, 4.177542154753270329e-03, 8.340084179293870761e-04, -3.259686789739902734e-03, -2.555925759611638471e-03, -3.100944026977550845e-03, -3.023479736852611836e-03, -1.981072348468805849e-03, -8.62937453138169e-02
2.323642251140530142e-03, 2.072659610891811229e-03, -3.430474620776341119e-03, -1.744206020368862728e-04, -1.218851274622202545e-03, -3.507660734798754947e-03, -6.650365651385704152e-05, -4.290830290324717210e-03, 4.584035314543610101e-03, 9.900498083829688614e-04, -1.261589753186605125e-03, 3.625786087337169381e-03, -2.716689618314276078e-03, -2.453435691943145914e-03, 3.030437473571762075e-03, 3.297451389164105309e-03, -4.704541148047284953e-03, 4.867933888962300976e-03, -3.237489217998231091e-03, -1.784961509136253396e-03, -1.735945392129741461e-03, 1.683327943145013564e-03, -4.803094394408171861e-03, -1.296720723774247037e-03, -2.139906280512671698e-03, -2.131246452580338058e-03, 3.408668398838797173e-03, 4.337649479008569633e-03, -1.462938939279190016e-03, -3.435303612525187483e-03, -3.021195694014811289e-03, 2.385565172834513276e-03, -4.841675667324491818e-03, 4.691724612421043980e-03, -2.164301992091545619e-03, 1.780147499612872927e-04, 3.961433957500905267e-03, -3.581499441767214097e-03,  4.32144105863282e-01
-2.788068826960651749e-03, 1.972067302284418941e-03, 1.883850624351045104e-03, -4.931325106004001875e-03, -4.668806922051676501e-03, 3.418722586991496115e-03, 2.095047960437610574e-03, -1.714203395833543541e-03, -4.093972937258360742e-03, 1.093959893258234992e-03, 6.502289269875744654e-05, 2.586056936826052269e-03, 1.525606355735773835e-03, -3.465865536954083892e-04, 5.316926506424273641e-04, -2.346612616200800545e-03, -4.339778661159770026e-04, 2.261918429625894671e-03, 2.740959796952402786e-03, 1.275308277550701343e-03, -2.497996197315886010e-03, 3.371738873173910772e-03, 1.551530131950702718e-03, 4.445472077234969080e-03, -3.404108291659465983e-03, 2.029355203167884474e-03, -3.812810616742415629e-03, 2.478074759391208151e-03, 2.620825658329133633e-03, -3.635662129735979346e-03, 3.099070780124430977e-03, 9.358966220693277702e-04, 4.576738973726464377e-03, 2.743758950348406528e-03, 2.294041090692861343e-03, 5.917656242763738236e-04, -2.333462670031491350e-03, -1.953214659296466371e-03, -4.71913966804184e-02
-4.790319074307599484e-03, -6.194965610509719361e-04, 4.684091721818212442e-03, 2.758412086272380749e-03, -3.970720593485778382e-03, -1.148862777844934790e-03, -2.199848356648978487e-04, -1.571749707741763522e-03, 2.227879736542939804e-03, 2.645509575021756654e-03, 1.237134381244894138e-03, -4.502595064090672734e-03, 1.700057119396578172e-03, -4.189175888023851345e-03, 1.305325403470814459e-03, -2.835151969101634608e-03, 1.289365610745444451e-03, -9.779131811873953417e-05, 1.517869753623757832e-03, -3.117502433475955077e-03, 7.927318301618573038e-04, 4.019440260080263741e-03, 2.743208675528802619e-03, -1.499141639439435705e-03, -1.869159309911307132e-03, -3.478116647302165274e-03, 3.321752100792160073e-03, -4.172459927383659339e-03, -2.976666769614089679e-03, 1.391092763470473496e-03, -4.787460800069328823e-03, 2.856896072311021148e-03, 3.772634618654572419e-03, -4.474875549308099561e-03, -4.849652462476082906e-03, -4.693908910495239208e-03, -5.310351521926196319e-04, -8.378140814409330839e-04,  1.16138917950132e-01
-8.345991593128676903e-04, 3.692742536620503835e-03, 3.461042939702762763e-03, -3.321202048340120630e-03, 4.489167450598212025e-03, -7.929957566444791744e-04, -2.061008002472508333e-03, 1.220160263699550558e-03, -1.132680770390464588e-03, -3.681070527292272174e-03, 3.529680295726455794e-03, 8.487411691016164689e-04, -2.350274125076910921e-03, -2.854613657084821218e-03, -2.438518867632849443e-03, 3.000430003983194094e-03, 1.364552211085397204e-03, -2.770838668895211649e-03, 4.063584823992390238e-03, -1.068461578883324672e-03, -3.392718467701113377e-03, -3.579240492341772412e-03, 3.736754626466729304e-03, -2.427875827329691212e-03, -3.219975365084201506e-03, -2.072242996150228458e-03, 6.179952800976912242e-05, 3.653552781271440786e-04, 2.039640206914303949e-04, 3.419858523233641756e-03, -2.750004952084686601e-03, -1.366360446676522650e-04, -8.817413176412467607e-04, -1.818879753935521027e-03, -3.726002320578890650e-03, -4.881228080417197683e-03, 1.444502988931136919e-03, 2.348710998011004948e-03,  1.53469384798021e-01
-4.743034978435560142e-03, -1.675518294843877150e-03, 4.449416053315551067e-03, 2.802145597418161625e-03, -4.309771437807875458e-04, 2.615032486662487859e-03, 1.963166405710189098e-03, -3.879201709668414835e-03, 8.731750445438836786e-04, 3.593708220217973343e-05, -2.076265692655443300e-03, 2.358498299570472266e-03, 1.911865491980692736e-04, -3.880127831516434408e-03, 4.410467496750300129e-04, -1.844447010167621012e-03, 2.619800001999583045e-03, 2.654583749507985480e-03, -3.642511320741539417e-03, -2.598691458339770846e-03, -2.184283911382052697e-03, -7.757368445165235132e-04, -2.308484779034648392e-03, 2.794671218471601361e-03, 4.817165256155934994e-03, 2.039803968178922206e-04, 1.098347110360451198e-03, -2.983574582600982336e-03, -2.014754412019665892e-03, 3.982291259997706306e-03, -1.023269113892042760e-03, -4.774844255034911902e-04, -2.875007155976330546e-03, -4.859362064936867398e-03, 7.994456574947359298e-04, 1.673647432854886812e-03, -1.827067616847467997e-03, 3.699728455362132767e-03, -1.18773824081230e-02
1.364089437646502125e-03, -1.703310108014398621e-03, -4.586816969550576613e-03, 2.032775779517072105e-03, 1.399779852691307620e-03, -2.824353514792578290e-03, 2.478768820349505457e-03, 3.295916642220975482e-03, 4.306791790725385261e-03, -2.219869408345924965e-03, -4.929794075448371872e-03, -3.010141302930270744e-03, 2.865315955871007569e-03, 2.978638987535229404e-03, -5.455089798143269997e-05, 1.874477523148351289e-03, -3.589795602611360777e-03, -4.687520449689477203e-03, -3.613031531421008816e-03, 3.367263117300504927e-04, 2.207455700085399035e-03, 4.910842641727954094e-03, -1.607170022716727584e-04, -1.616727213791595199e-03, -3.464303070579926626e-03, -1.442878575551059372e-03, -4.501517205944273806e-03, 1.439585401761525260e-03, 2.091946863035725260e-03, -3.820108333802886818e-03, -8.578646368072795000e-04, -7.274640756914432793e-04, -3.448513859034491383e-03, 1.961409132390365927e-03, -1.744035210738616344e-03, -4.376270715011282633e-03, -3.054677310616051109e-03, -3.167179680963068920e-03,  1.11708918301744e-01
-3.587383380926094031e-04, -7.636043507194649471e-04, 3.681432001794233272e-03, 2.504237167107567670e-03, 1.184696173510163542e-03, -4.480107880946815162e-03, -4.727059123930962316e-03, -3.060668159556539751e-03, 2.304662599726794124e-03, -2.232163289351560189e-03, 4.546542786549532741e-03, -2.757408893902237642e-03, 2.788613952370297758e-03, -4.794101562023847865e-04, 5.863996247960833949e-04, -6.257073150301465866e-04, -2.661778712243779640e-03, -3.678596166116707318e-03, -2.337613639403005039e-05, -3.774113489454806493e-03, -2.061261217463937045e-03, -2.688886995817297686e-03, -2.956273159349322947e-03, 3.810758893731357178e-03, -3.677105882458149479e-03, 4.883295312819654899e-05, 4.230495574939123135e-03, -1.225989822923243683e-03, 2.532132679697264924e-03, 4.636551541626196191e-04, 4.427271737626447753e-03, -4.415214041281819747e-03, 2.517577561608064750e-03, -1.503500115723169391e-03, -1.642157217157113464e-03, -1.262125272451088825e-03, 8.469200739400295844e-04, -4.874130424103821461e-03, -1.06294241106325e-01
3.343865679184689077e-03, -1.498613291304520638e-03, 3.089659250966110549e-03, -2.060358821849932708e-03, -4.450972248536599375e-03, 4.756146221689917450e-03, 1.182507187085320502e-03, -3.606072462248458357e-03, -2.554549771435302066e-03, -1.192600192716716540e-03, -3.810355392774475783e-03, 3.268285403954473284e-03, -4.394143535828200046e-03, -4.433444431951510077e-03, -2.877148811563288305e-03, -3.869217586580007539e-03, 4.698006701831571388e-03, -4.282204085932161952e-03, 4.297096497742408303e-03, -4.017800210306843312e-03, -4.423865250252436744e-03, 9.524259754616071216e-04, 3.007489088583491579e-03, -4.980714302076626535e-03, -4.201654392904749513e-03, -2.538959050274923468e-03, -4.664837006030673160e-03, -3.531491474827096362e-03, -2.238441828726429363e-03, -2.255436560964259839e-03, 1.826009539647086531e-03, 1.275659316193352051e-03, 3.706681460028057179e-03, -1.540840455507160121e-03, -4.205995705061278157e-03, -4.497447171594014942e-04, 1.361313356410639996e-03, 8.422141618552106412e-04,  7.28002368180329e-01
4.021704654315087432e-04, -2.608080892142886943e-03, 3.711972431685511137e-03, -4.380241153948752179e-03, -4.494024386942615211e-03, 4.218161782822802894e-03, 4.347704615914216308e-03, 2.795923045863713506e-03, 3.124074410499227614e-03, 2.342622737932211797e-03, 4.956462098851064507e-03, 2.027744190261220568e-03, 4.906985926564405923e-03, -4.089657279038837190e-03, -5.020058456761565188e-04, 7.685050692528561100e-04, -4.848005216367965060e-03, 1.119026403680545116e-03, -4.481831438438990331e-04, 1.177008891659494724e-03, 3.033524888191687849e-03, 4.742081839452187003e-03, 3.113811588671609037e-03, -4.559558579005367970e-03, -2.328295892544456069e-03, -4.017935108415509465e-03, 1.208527935102308992e-04, -4.079253037902420484e-03, 4.608474240628674529e-03, -2.435532903630215160e-03, 3.441718733664392987e-03, -1.303339300888228108e-03, -3.700274927539132230e-03, 1.034380514368838863e-03, -1.525092776788222314e-03, 1.762754461618609714e-03, -4.243869039372545962e-04, -7.306704443315985287e-05,  1.64616683521944e-01
4.165901010216771505e-03, -3.962511886905035682e-04, 9.434936945596815797e-04, -1.969642527625296499e-04, -2.481884883825336442e-03, -1.376202806004625436e-03, 3.980311460044200916e-03, -9.628323353017978828e-04, 2.784312869383201439e-03, 1.989570214376297497e-03, -2.282806832548485952e-03, 4.445122299564971055e-03, -2.591793846190033196e-03, 3.320034260514659677e-03, 9.309098501140969026e-04, 4.786815114749955885e-03, -3.707950584102163993e-03, -1.322196723088420612e-03, 3.443402737482876771e-03, 1.413402562109648992e-03, 3.789680298880927084e-03, 3.650642656616721882e-03, -4.753244671181036315e-03, -2.907534492763466996e-03, -1.155473825044986066e-03, 2.485100799822718975e-03, 4.570367726250728485e-03, -1.088728475709471559e-03, 1.867587181253292303e-03, -1.379063598726979704e-03, 4.651379190290724774e-03, 3.975751105573738578e-03, -1.721695408833977606e-04, 3.612412903512855419e-03, 3.371164606268265904e-03, 3.918516054655070760e-03, 4.865796475726011025e-03, -4.582055302275673918e-03,  5.04070032896433e-01
4.628877203048609168e-03, -1.604468718970045345e-03, 2.205089898196341443e-03, -3.341515375518315425e-03, -4.003686344160446893e-03, -2.175622896636109863e-03, -1.800251692000964018e-03, 3.292957485227518757e-04, -2.636526396379139728e-03, -4.604241689134640214e-03, 2.188432020126646581e-03, 1.136557833127984848e-03, -3.589794179109437669e-03, 3.696101585631184419e-03, -1.276310592099527946e-03, 1.031140335015837822e-03, 2.885137815182155577e-03, 3.297315288218817184e-03, 4.626640897724425619e-03, 1.966748550593690366e-03, 1.088064567961486567e-03, 4.290265582904398065e-04, -1.816797643253523567e-03, 4.024955836652877386e-03, 3.129471629450283551e-03, -3.659763943451525142e-03, 4.086459292795295573e-03, 1.401985040009427752e-04, -3.085508771851179152e-03, 2.931142110365637932e-03, -2.241776201637248576e-03, 2.317371529162941257e-03, 4.615646023099278725e-04, -1.006403063594382696e-03, -2.492452529627252680e-03, -1.424781634135497549e-03, -3.225180942413245766e-03, -4.360945852447909755e-03,  1.48121802684959e-01
2.457865721879354953e-03, -4.733265663946538762e-03, -1.474876960887144123e-03, 4.361927286929799183e-03, -6.259958188782107497e-04, 1.332763060715659760e-03, 8.807486742515423933e-04, 1.080850787559328036e-03, 1.164240914018433402e-03, -1.785915220032211100e-03, -1.619645792375751670e-03, 4.416765413246398486e-03, 1.118052317794585374e-03, -1.276071197168953189e-04, -3.210533523505051598e-03, -4.025459908680776785e-03, 1.073142032343771778e-03, -1.685205313478719494e-03, 2.000219922845291633e-03, -5.626418880027165073e-04, 3.758337725748274460e-03, -4.818361061926425964e-03, 3.282819486593698682e-03, -3.214173439038950017e-04, 1.240983127545803102e-03, 1.246989364322100696e-03, 3.292354721694142755e-03, -2.774623194339698347e-03, -3.412865976556039328e-03, -4.163355535615349476e-03, -3.677310320989223957e-03, 2.215265315873890528e-03, -2.179189084406995928e-03, -4.255413650330780104e-03, 3.998336743852054509e-03, 3.744575663472443638e-03, 2.953842456395787408e-03, -2.835697754379668412e-03,  3.01243312231653e-02
1.449953723107962750e-03, -2.681439235034542914e-03, 3.745644574161096502e-03, -3.538824611198052549e-03, 4.096522396048043330e-03, 2.132432995983851026e-03, -3.811888108513508764e-03, 3.253285724224218647e-03, -4.404065454913189126e-03, -2.078335490053595958e-03, 3.551772051776765082e-03, 1.197225985043902895e-03, 6.220145302999599210e-04, 2.433353988925712232e-03, -2.241574908184161639e-03, -4.114753597539244287e-03, -3.070450573182757076e-04, 2.776096529484613738e-03, 3.281487601267292498e-03, -2.041288857551340746e-03, 4.046924166974679229e-03, 1.292577863011244547e-03, -3.159516412157875771e-03, 5.541923661535087808e-04, 1.675939879300914620e-03, 1.063360038876727531e-03, 3.657123719341610554e-03, -3.883028439540324884e-03, 3.927560313286745583e-03, -1.453314024871552989e-03, -1.615246331328531754e-03, 3.451853578940147077e-03, 2.381884316863507565e-03, -3.523590216321875832e-03, 1.588214687442456377e-03, 1.271155788464253464e-03, 2.727197235452076020e-03, -1.009018998577144131e-03,  4.39007301507635e-01
4.931709133402821174e-03, 4.205537634313184087e-03, -2.630301513577838063e-03, 4.254099114763154610e-03, -1.878786417931978866e-03, -2.973087900531879661e-03, -2.086612522889075630e-03, -1.277580491429568428e-03, -3.548865053376430018e-03, -1.636301597440214649e-03, -3.999329967590194851e-04, 4.466261361782472919e-03, -1.882548764280539844e-03, 4.501539521418131476e-03, 8.289824597073362430e-04, 4.331767863762684898e-03, 4.982702862188841467e-03, -4.351922039087425392e-03, -1.816101669475248762e-03, -3.017907716456681103e-03, -3.288242616398537495e-03, -2.475328943530900709e-03, 7.565306241119878344e-04, -9.113786956471909076e-04, -6.860901261859647660e-04, -2.412671974980592268e-03, 4.148500757985866191e-03, 2.339677258612619243e-03, 7.085831459472868507e-04, -1.761404937618076764e-03, 2.258561492284966339e-03, -1.936376212967794077e-03, -8.094739243044626192e-05, 6.694070549200029085e-04, -2.915842430338324090e-03, 2.647513957948027102e-03, 2.179417793419380009e-03, -1.312758003130648325e-03,  2.21689044591476e-01
-8.657595246124045324e-04, -2.777899847154329232e-03, 4.539897428628168752e-03, 4.379208645629514146e-03, 1.703177084342538325e-03, -3.884964282971245259e-03, 2.570092431418076993e-03, -1.652875917230583851e-03, 9.334734623474665038e-04, -8.795977546013043769e-05, -4.564313036707623450e-05, 3.500275058644565507e-03, -1.854145631279344522e-03, -1.100216662353308700e-05, -1.664365559296847232e-03, 3.318900001307387854e-04, -1.135435693695886067e-03, 2.153791903586778703e-03, -2.060994489193361187e-03, 7.167119830870120542e-04, 4.745996362183240586e-03, 6.285921217203576175e-04, -3.558968435750029403e-03, -3.584752640338741310e-03, 4.195723808496216317e-03, -2.013521744882564371e-04, -2.475597654297782141e-03, -1.667441846914999044e-03, 1.148870723185030709e-03, 6.357954313519851436e-04, -2.275723552733020273e-03, -4.456242295225013722e-03, -4.764855022261544303e-03, 3.543295681093679844e-03, 2.709273870609221757e-05, -4.967765870655245670e-03, 2.853869064250190435e-03, 4.584701147410332259e-03,  2.95734533151691e-01
-2.077849344889142955e-03, 4.572918879206978524e-03, 3.863264453017465488e-03, -8.613481493624612628e-04, 3.774097464961552462e-03, 4.559892910476603251e-03, 3.123228953960093673e-03, -2.147047440531438169e-03, -7.647205785320434351e-04, -2.412001089571372877e-03, -3.367027591361503470e-03, -6.334554583982549003e-04, -4.860282086099074542e-03, -3.754828645540374613e-03, -1.412859992430682155e-03, -3.101507124214870469e-03, 3.797644581928971350e-03, -1.993113870648766540e-03, 7.879839696947324099e-04, 2.854411147936119358e-03, -6.233402666188285826e-04, -4.826777571888474921e-03, -1.967916345941585817e-03, -4.597127140475490079e-03, 1.319889295182093483e-04, -1.213500996501972254e-03, 2.027246009704515746e-03, -3.229675034045023738e-03, 2.143203246239348131e-03, -1.297483748607500958e-03, -1.813054318773434873e-03, -2.683468132645454134e-03, 2.656369698742225109e-03, -2.148386725130329872e-03, -1.817265172093594349e-03, 2.536272158941886568e-03, 3.231882538186422668e-03, 1.166298404665168202e-03, -3.24097530093602e-01
-2.845436570979220300e-03, -1.990338055669117669e-03, -2.055970922368258874e-04, -2.806163809059345534e-03, 1.038976271772568474e-03, -3.776814187871445263e-03, 2.230676007217296218e-03, 1.861534650299241297e-03, 3.825523017698090333e-03, 1.221248316642683726e-03, -1.341021580476147584e-03, 1.721175479265715791e-03, -1.263680547559332609e-04, -2.049542174741612790e-03, -4.998586876668363946e-04, -2.734883159337424350e-03, 1.820417273192899248e-03, 2.187226334262674411e-03, 3.588441106662274005e-03, -2.058058433416929713e-03, 3.976375556197994654e-04, -9.590588604208331522e-04, -3.391715269850472704e-03, -3.145478545228243793e-03, 3.619402095554558052e-03, -1.928614656341887026e-03, 3.952843557618060388e-03, -2.331091329524186129e-05, 2.589532608518282063e-03, -3.085489063653731878e-03, 3.616866667750196981e-04, 4.209221774695277515e-03, -4.437872854011011906e-03, 3.791317051864166385e-03, 6.021960953815110040e-05, 4.854491141821605515e-03, 2.127707012055495006e-03, 1.005674505377176543e-03,  2.75812677265705e-01
1.912831502630872073e-03, 8.341415733444691727e-04, -3.936569910922395679e-04, 4.316097967329643112e-03, -3.374671768000978012e-03, -1.191111703530613880e-03, 2.579866753937623373e-03, 2.020087260823603438e-03, -3.137585343179858689e-03, -3.429403690442740880e-03, -1.300369573824754210e-03, 1.004739532361221231e-03, -3.319593713702571024e-03, -4.979339879754086581e-03, -2.745573877256365924e-03, 1.884539510891144673e-04, -1.390383947895684931e-03, 2.575415681527488260e-03, 3.849140116124562250e-03, -4.570110246080254755e-03, 1.134064449650340999e-03, -5.439728816574711939e-04, -4.633318317487996815e-03, 2.469203353707465770e-03, -2.361789827519913260e-03, -3.552734911789597484e-03, -9.994285828150368048e-04, -3.368753059692391159e-03, 4.951602661988635176e-03, -1.985584643144668038e-05, -4.638819159229194689e-03, -1.087279412377460328e-04, -3.921936179733694072e-05, -3.763158305119763611e-04, 2.589363772814390514e-03, 4.192301920204940732e-03, 2.059733781118839105e-03, -3.134914343499897726e-03, -5.28614609378325e-02
-3.053245542174785540e-03, -3.479224659350592733e-03, 3.442259682996174838e-03, -3.345016497116708176e-04, -3.544243762039014228e-03, 4.526671799705518293e-03, 1.527583390312422899e-03, 8.782557735548968819e-04, 3.359044152977648176e-03, -2.765925551225876383e-04, 1.471469916098843041e-03, -2.047425730523124484e-03, 1.161382605150242282e-03, -3.856416937324923938e-04, -3.325840781892773663e-03, 3.956886938639367357e-03, -2.918489754244930207e-03, -2.260580915658053167e-03, 4.930202104412143710e-03, -3.482298830158977575e-03, -1.195445715178496994e-03, 2.016964795525657932e-03, 4.525892554412182939e-04, -1.402256712081453860e-04, -3.014523075400368530e-03, -1.128548779377294524e-03, 2.598168830602059880e-03, 3.423256913315450567e-03, -2.577259298867911035e-03, 2.469760464197080611e-03, -2.155278071652030284e-03, -3.439124589437951140e-03, -1.464409735766720403e-03, -1.635989279093560782e-03, 3.034117972558548690e-03, 1.825373184731463559e-03, 3.375295402241887746e-04, 1.082376304815410237e-03, -2.62370369272286e-01
-1.797138662220413696e-03, 2.397735211065577139e-03, -4.418084389913915465e-03, 3.558738988224546124e-03, -3.110679832326270714e-03, 3.528539495684887908e-03, 8.659734032505960258e-04, -9.091193476649583535e-04, -2.608187900601168820e-03, 3.707328689748407013e-03, 2.803396377204072330e-03, -4.258734557221779266e-03, 2.221665893599288587e-03, -1.094198425906341230e-03, 7.842350786062581014e-04, 3.147808740246268999e-03, 2.081279613828465602e-03, -3.264626976829705304e-03, -4.666221541787056969e-03, 1.451365972351197423e-03, -3.499456802787443040e-03, -2.912920525504899411e-03, -2.344436268827767428e-03, 1.112441886824529214e-03, -3.102807448440016852e-03, 3.179886313340336140e-03, -5.192449778336650362e-04, -1.428045067711148069e-03, 4.040123660460807203e-03, 3.364867335845031157e-03, -2.515040313435099994e-03, -1.383459227379280846e-03, 5.382698870289668452e-04, -4.819084120622220933e-03, -2.614956670110465259e-03, 4.042562249236845984e-03, -3.381681552826287882e-03, -1.386735731111613142e-03, -6.43635869382022e-02
-3.918618658634877988e-03, -3.223132261864577845e-03, 2.134469975426916272e-03, 6.967716147746032956e-04, 4.735667203571124195e-03, 4.329232034718868971e-04, 3.297052455849944566e-03, -7.299305859980497260e-04, -2.894777475339369716e-03, -4.760890928814071922e-03, -1.207257469558358116e-03, -1.536723932977117693e-04, 1.078242022606919898e-03, -1.757934063380621990e-03, 6.089155174463850226e-04, 1.582573236309278882e-03, -2.809968887745387112e-04, 1.632663745812067829e-05, -2.113978969976162622e-04, 2.769023276044660017e-04, 2.279223456685381712e-03, -4.018946184322781667e-03, 3.808482255141758602e-03, -1.574061286603676418e-04, -3.666265877518455618e-03, 1.032079355426603930e-03, -2.696558359112713465e-05, 3.619703730525994020e-03, -2.501659066502012491e-03, 3.236174262468277663e-03, -6.559463145998228883e-04, -2.879842530069667925e-03, 3.255015179558427146e-03, 2.425613315826779734e-03, -3.816200195843813883e-03, -4.821827825113169513e-03, 1.221424614472132499e-03, 4.611731464566436525e-03, -1.20830324406298e-01
4.787751109581364628e-03, 2.910755108229559976e-04, -2.256239945567191547e-03, -1.385290927008358056e-04, 2.960880296294220865e-04, -6.299727890782995735e-04, -3.933672228392455159e-03, -3.142533535311790860e-03, 3.621406682337627997e-03, 1.120582199086625833e-03, 1.501724395881522296e-03, -4.202704374134429849e-03, 9.596024184289862757e-04, 4.073720301415782383e-03, -2.073231773508177680e-04, 4.013822328646863419e-04, 3.318585825509047169e-03, -2.476502420020102249e-03, -1.914234137234239932e-03, 2.434450807151736403e-03, -4.388630275231186068e-05, 2.230094367699374594e-03, -1.730838010769854794e-03, 7.278011736112175584e-04, -2.651172282715039998e-03, 3.661060359859523092e-03, 3.153619130565658846e-03, -2.939680305147618182e-03, -4.047099262355867248e-03, 2.174858636848405608e-04, 4.405088939857524852e-03, 4.056442983461697877e-03, -4.615437489407835450e-03, 2.542043406841354783e-03, 1.534438109699404890e-03, -3.771431362889804580e-03, 1.274321787680422757e-05, -5.628623805304785663e-04,  3.71827377542281e-01
3.109089995150348187e-03, 3.658913977143919347e-04, 6.694280006189811186e-04, -2.590248103260569222e-03, -4.277750790785262228e-03, -3.910319977880940059e-03, 3.740028931538633833e-04, -2.185560856889017661e-03, -4.597120722869634489e-03, -1.087263202150199996e-03, -6.772543402884419195e-04, 1.640128772877825353e-03, -3.524171358133562290e-03, 2.676823728656464209e-03, -3.403730409469350564e-03, -1.390910692649754803e-03, -4.255113664172527344e-03, -3.994068255565160971e-04, 1.386683077672957141e-03, -3.933176366203067903e-03, 2.194419185557451753e-03, 4.851469694144296477e-03, 4.239414842191488800e-04, 9.411736679712547071e-04, -1.306902568376733676e-03, -1.544821667849302811e-03, 1.997088200713930881e-03, -2.302626338255219732e-03, -3.869909895706167592e-03, 9.416277585256316307e-04, -3.760529081771036425e-03, 4.585400626139631355e-03, -4.924972994068270958e-03, -2.209665372556208086e-03, 4.984432978115110185e-03, -1.692200959897442389e-04, -4.226985811911084315e-03, 3.472808270104718945e-03, -5.05191189735151e-02
-9.865388467996663233e-04, -1.953548628944612366e-03, 2.373652479620812217e-05, -3.430504067963520247e-03, -4.212268938405599669e-03, -2.948792284448425310e-04, 3.484662142293676323e-03, -4.813534502456456171e-03, 2.463141152964961299e-03, 1.785409545068822497e-03, -4.231214580979362344e-03, -1.367353670021463630e-04, -3.915862156158154972e-03, -2.106601727096559223e-03, -9.754896480948056434e-04, -4.620374506239891162e-03, 2.703558219347008441e-03, 8.478647417666500957e-04, 2.834618012063290157e-03, -3.638847561095761175e-03, -1.954141741022332422e-03, 2.878067963977848712e-03, -4.538159418504112384e-03, -4.126759341173479902e-03, 1.625283800155064538e-03, 4.261340198580520697e-03, -1.008631937596208422e-03, 2.749681546580089696e-03, 2.784126821619537645e-03, 2.533880545745340052e-03, 4.008981163150670060e-03, -3.573871676823731774e-03, 4.898377174747987547e-03, -4.037574169722854198e-03, 1.931902217318709133e-03, 1.132096161826347432e-03, 2.397867639610147539e-03, 2.138494425547994744e-03,  5.00412016462629e-01
-7.402675539769816571e-04, -3.094351804353506503e-03, -2.922392224418830960e-03, -2.471686960114149491e-03, 4.332263125225298273e-03, 1.466321347269360434e-04, 3.893130300658406012e-03, -1.027572384409909320e-03, 3.300240148584968405e-03, 2.994832196192771454e-03, 3.945001623952028996e-03, 3.466433565664376118e-04, -1.031609246451984860e-03, 3.129796689234902451e-03, 4.385643935709220009e-03, 8.600534954280956296e-04, 3.571882202019812519e-04, 3.958502344920421245e-03, 4.979071818046723955e-03, 1.224741484145746608e-03, -1.042899452096029793e-03, -3.921436680019317264e-04, 6.662037291770978031e-04, -3.021883230216322515e-03, 1.337817086614837524e-03, 1.516655279021465220e-03, -2.696382733421062803e-03, 3.795464670768236223e-03, 2.909585205022002102e-03, 1.819695292437188694e-04, -5.261477454125132111e-04, -7.729081811350454329e-04, 1.280221363005855199e-03, 1.356972561786884933e-03, -7.748664951682153815e-04, -4.012440317921717528e-03, 1.747786025024366564e-03, -2.928237685367544169e-04, -6.20155422490544e-02
2.847199923081010844e-03, -1.132544266386369645e-03, -3.905573386155551836e-03, -2.364611590015905460e-03, 4.197793351618777508e-03, -5.204899061393474316e-04, 1.587384455848223595e-03, 4.534606534207173342e-03, -4.000356837704418037e-03, -2.675026059851886955e-03, 1.311769596524302132e-03, -1.485546484471030049e-03, -1.815106879936960460e-03, -2.794844473856327761e-03, 2.599394638780279203e-03, 1.178310684653004550e-03, -3.319169052920917934e-03, -2.919021948424836872e-03, 3.054503617155483047e-03, -1.500529481369295565e-03, -4.088616956806332726e-03, -4.558704806969351812e-03, -1.834858894226601162e-03, 2.685641132449862606e-03, 4.505755075601960633e-03, 4.379758923327165682e-03, -3.162205444148492688e-03, 3.029417151255665505e-03, -4.699089157786784550e-03, 8.100869606025538905e-04, 1.095177728809518941e-03, 3.388392731093816182e-03, -3.166384794326564979e-03, -2.981251536532522270e-03, -5.781191478729727495e-04, 3.438745626313167991e-03, 3.739068836551073111e-03, 4.261363838528089629e-03, -1.47439678557906e-01
-2.630097951012440750e-03, -1.285943802807421998e-03, 3.051354429092973872e-03, -4.887384912381581570e-03, -2.725467937022005641e-03, 1.235962743961097760e-03, 3.195751953031468126e-03, -4.356486982172838411e-03, -3.573856951912477049e-03, 1.355547424034975884e-03, 4.315992706821402888e-03, -1.649815320127539717e-03, -3.185246589374792110e-03, -1.219739217601360174e-03, -3.128658085466078098e-03, 2.193377585189870346e-03, -4.368870799711441558e-03, 7.085723620217513133e-04, 9.741471838287923263e-04, 1.087818600618466365e-03, 4.172435065308873273e-03, 3.609053045449421224e-03, -1.770363695182697057e-03, -1.537064353295566725e-03, 2.524950930241107866e-03, 4.880702712127430593e-03, 2.262923652609778735e-03, -1.846148281649287373e-03, -1.324045570202340462e-03, 4.281241291807664703e-03, -4.194508634772720936e-03, -3.387802619365849928e-03, 3.195100523595917688e-04, -2.836882938236310464e-04, 7.619961522243815649e-04, -3.611702157717415138e-03, 1.321603096998869194e-03, -2.203869911196653947e-03, -1.58585623177061e-01
-4.161429207331374634e-03, 4.386692156959101294e-03, -4.269643652142959475e-03, -2.910353840777420847e-04, -1.303748364365578481e-03, 2.749943055203352658e-03, -2.558952186883832816e-04, 3.745025290767891452e-03, 2.482095456155902248e-03, -2.746639998037773023e-03, -2.887047484662343469e-03, -4.863653103144778209e-03, -4.876477276787851908e-03, -3.412304950256543710e-03, 3.513961388509991013e-03, 4.596303691747028949e-03, -1.696431390611130227e-03, -1.757769012236651534e-03, 3.351167670901293236e-03, -2.638758692850552267e-03, 1.404373219892382507e-03, -1.797443463652499338e-03, -9.542216360253225754e-04, 4.253784272036714373e-03, -1.078227674395477141e-03, 2.095216093088531246e-03, -3.965315517548232208e-03, 4.561925952865747771e-03, -4.416987058941182487e-04, 2.034791389017565760e-03, 2.949039260009563013e-03, 2.682367422834573516e-03, 1.788029080467339396e-03, 3.591853247651703718e-03, -1.650225455633594178e-03, 2.372072784336066824e-03, -3.580362267575043847e-03, 3.486819406387528172e-03,  2.42015729673088e-01
8.856868759476582698e-04, 3.416139542404146232e-03, -2.895515408549009708e-03, -2.197969814294009963e-03, 4.661463034548434664e-04, 2.401189768975189702e-03, -2.711941463921153494e-03, 3.838179499133816466e-03, -4.303777590638230982e-04, -5.179632807356107302e-04, 4.245973194264531653e-03, 9.719645273169458255e-04, -8.171620307672027711e-04, -4.164642640499670312e-03, -2.295512542026148343e-03, 8.431111371164567644e-04, -4.977729266268758092e-03, -2.104864157745682529e-03, 2.676966841720682111e-03, 3.051157351041309390e-03, 3.655451980635568074e-03, 2.470388438495566691e-03, -2.618511228643042449e-04, 3.921114051439446302e-03, -3.227535979185374836e-03, 1.351698964595723744e-03, 1.372241782615008128e-03, 4.145984289071608792e-03, 4.522387786494910106e-04, 5.261743327514591118e-04, -7.966987027402099714e-04, 4.321524528448049407e-03, 1.993301817567016097e-03, 3.664432229147822698e-03, -2.430518805781252054e-03, -2.818683290456361432e-03, 4.523566074138700085e-03, -2.356847603553298941e-03,  1.94729269673270e-01
3.649288226136354965e-03, -4.937206039174038552e-03, -7.586625351722036531e-04, 1.581460653702451355e-03, -2.437441558485232713e-03, 4.251130277745242270e-03, -1.860761850597872791e-03, -2.500901785381516151e-03, -1.526594630355532136e-03, 8.042623352424709687e-04, 9.597225387631726223e-05, -2.501481244730065917e-03, 3.364079417028511404e-03, -1.647260272587654922e-03, 2.185427316701465603e-03, -8.922603831650255043e-04, -6.648077502952902049e-04, 4.635511907962843944e-03, 4.893448163212155491e-03, 4.848779336892133224e-03, 4.757914750792393774e-03, -4.207232253574987382e-03, 2.324035210708819653e-03, 1.975116763481060342e-03, -4.909177970214551739e-03, 1.764850836286198377e-03, 3.832004146219277971e-03, 2.980948029750570688e-03, 1.447908502343592425e-03, 5.836005842180308142e-04, 2.209861497803622572e-03, 1.201812189059155503e-04, -3.087495196895634342e-03, -2.842061389437287432e-03, -4.334122635803176748e-03, 3.635595868688159746e-03, 4.061016685226143813e-03, 4.660016992600905447e-03, -3.67327027883661e-01
-4.188274553643307058e-03, -2.290213670531203623e-03, 3.516981425879285583e-04, 4.918040383683052602e-05, 2.166904298410997180e-03, 3.114235713562764352e-03, -2.345547934606459842e-03, 1.927097798754128823e-03, 2.158197635647957600e-03, 2.809734187206692352e-03, -2.487845301951518723e-03, 2.097297072421065375e-04, -2.552518033565741046e-03, 3.979591315118265887e-03, -2.126385450130369777e-03, -9.720443729825771484e-04, -3.496082890402952507e-03, -3.730430654284666234e-03, 4.466638596668407596e-03, -2.475486833075078372e-03, -9.442769928249177339e-04, 2.801678030039509229e-03, -4.014965918512751648e-03, 4.690623580573738058e-03, 3.928105536223174682e-03, -3.941518661674628041e-03, 3.342717313153342057e-03, -4.390360103039408005e-03, -3.525783510499585528e-03, -2.400630916007820762e-04, 1.362969381787488242e-03, -1.108752969366146989e-03, 2.653237129412967452e-04, 3.019352276516526143e-03, 1.990054730677917258e-03, 1.372438786689684879e-03, -4.129099316694330273e-03, -1.645433473643534081e-03, -4.36005105299899e-01
2.941006493597759369e-03, -3.038180723020332541e-04, -2.926237356124107569e-03, 1.152307771362544135e-03, 4.996499221212645156e-03, 2.120982003760362236e-03, -1.942720575947928015e-03, 1.803863687219127258e-03, -4.197988897553299632e-03, -2.015116686243708516e-04, 4.872989460391498676e-03, 2.215537969758402115e-03, 4.668272340016899405e-04, -3.642678425006957901e-03, 1.607411337767690115e-03, -4.545519435115162252e-03, 3.363328286318367083e-03, -4.605615925076962484e-03, 4.484699391832993112e-03, 8.463465452848662959e-04, -3.618956104377746459e-03, -4.891983597621436634e-03, -1.314241421405601667e-03, -4.884193937589745640e-04, 3.077207934660772595e-03, -4.612269186783134536e-03, -2.377970292003789721e-03, 4.637328381829661228e-03, 3.437426742227080514e-03, -3.909977230392713832e-03, -6.318624437851375064e-04, -3.587735431553743578e-03, -3.233957739525688060e-03, -4.686333728564400641e-03, -4.443569172961634242e-04, -3.505892763314945142e-03, -4.750898364789641129e-03, -7.065998687678168300e-04, -2.75662404768823e-01
-1.903414689611950417e-03, -4.423334045629263508e-03, -3.458376105823333588e-03, 1.613138171284722588e-03, -1.395975184258992433e-03, 1.667978822343357120e-03, 3.710747541133473451e-03, -2.115538444216869592e-03, 3.001640321849711676e-03, 7.185663982489133572e-05, -2.332692254607934054e-03, 4.674182997147231788e-03, -4.062508016618934792e-03, -5.803743944707137267e-04, -1.943907469818689088e-03, 1.540912786971407496e-03, -4.963941118119364476e-03, 2.616270718884458439e-03, -3.292641837374664197e-03, -3.600996203014466754e-03, -2.415574245885629759e-04, 2.543072423295588205e-03, -1.444857847405757022e-03, 3.431827774471936376e-03, 4.333665854756292221e-03, 3.130705666925954686e-03, -1.064963866852931818e-03, 1.677292672989503901e-03, 4.684218856259374578e-03, -2.911373736832731634e-03, 4.781844267688814196e-03, 4.452249440992867360e-03, 2.743722465886419375e-03, -3.183863067738062005e-03, 3.392382182626501805e-03, -3.590946960548405814e-03, -1.503756765923111582e-05, -9.437939052039925544e-04,  5.08656154275354e-01
4.440763190305759348e-03, 2.944273818827728567e-03, 2.653834655398987566e-03, 1.698544078078264956e-03, -4.675589142691083736e-03, -3.931883355420626690e-03, 1.419201654589316054e-03, -2.596827744280268829e-03, -1.053478365567543304e-03, 2.762669990696769128e-03, -1.818962343456943798e-03, -1.058602027237186965e-03, 3.839953479860908070e-03, -6.599770396281149851e-04, -2.480372438790614739e-04, 4.922310400966516120e-03, -1.613523975405409608e-03, 3.331242921361905057e-03, 2.222017354468583568e-03, -3.464185000227213047e-03, 2.002850851660585400e-03, -1.571545103720976833e-03, 4.880417497338595395e-03, -3.176708828923491788e-03, 2.227409075471562666e-03, 2.471045911112495184e-03, 4.137442397226034907e-05, 2.882389517648959246e-03, -1.838232701967621591e-04, 2.580362734074890391e-03, -2.096542827537166680e-03, -3.233246306872160879e-03, 3.279635094503151327e-03, 1.901586665486766636e-04, 4.434810300658892715e-03, 3.840736908964352547e-03, 5.245958183668414029e-04, 4.288577321839509918e-03, -9.68663966266120e-02
1.572855201764419147e-04, 1.733726784462211873e-03, 8.169498130895175639e-04, -3.856650016252854626e-03, 1.901685053717091720e-03, -2.032037170746440417e-03, -2.276779672535122253e-03, 4.038383502220481772e-03, 2.389014949029051593e-03, -3.854320314719358268e-03, -1.756977585232438743e-03, -2.642787714931326554e-03, -3.448687184359375615e-03, 2.388703192728089397e-03, -4.059692151380448269e-03, 4.150261030253095743e-03, -2.086965545978845121e-04, -7.744889388034579755e-04, 1.057184228354446538e-03, 3.721974534288208583e-03, -3.192567852863476344e-03, -3.078609998882205628e-03, -2.671815013864330818e-03, -3.976415268545037407e-03, 1.578252839357217018e-03, 1.416994690431567366e-03, 2.834718161686634527e-04, 1.365195023584086544e-03, 1.270887036520559205e-03, -3.852759201885622674e-03, -7.378018205024738582e-04, 1.755873911513394954e-03, -4.806836435416244821e-04, 4.002176704254829451e-03, 2.268678360785015245e-03, -3.007006446178185979e-03, 1.128133002122134847e-03, -2.379675154852321436e-03, -2.92883005525419e-01
-1.308365589485930690e-03, -2.918845613850714824e-03, 1.463918929411976017e-03, 4.198773782110896274e-03, -1.679823549494573100e-03, -1.992070141875320818e-04, 2.870467437304185729e-03, -2.395900289505379158e-03, 6.253440888332288672e-04, -4.711486116518759024e-03, 4.730837845747673173e-03, 4.255784320676088417e-03, -1.721357180002248966e-03, 4.121893973817901055e-03, 4.439268775682951584e-03, 2.474032413399959371e-04, -1.169027527226721482e-03, 3.725004080893367167e-03, 3.169616109252093583e-03, -1.709598597061681886e-03, -4.230555072034761395e-03, 1.773868426971964354e-03, -7.853148632298821707e-04, -2.461402569077379525e-03, 3.669385072775210171e-04, -1.964029076082212527e-05, 5.354075665404472648e-04, 1.550309766841734792e-03, 4.831890984408967679e-03, 1.777636762397675346e-03, 3.275986044993186089e-03, -2.947555482020541677e-03, -7.978078778250298833e-04, -4.367686028957972269e-04, 6.397490756171447107e-04, 2.825830077178377933e-03, 1.150926232357550767e-03, 4.840717107060439964e-03,  1.49765437560948e-01
4.292327213991685778e-04, 1.542278279641967793e-03, 3.399378346548631580e-03, -4.699451517044421489e-03, 4.460883742193125223e-03, -2.056029385604646320e-05, 2.645280455356636799e-03, 4.415032565585414598e-03, -3.985926280957813317e-03, -6.530493357962434062e-04, 4.457267853129364896e-03, 2.136485214354201523e-03, 2.565460396048395778e-03, 1.977683007799125106e-03, 3.923840947647872987e-03, 4.038415470342841124e-03, 8.660045420997566565e-04, 3.799996771720413197e-03, -1.075834081588106401e-03, 3.852486935507892091e-03, 3.641754446452200381e-03, -4.152447505503795155e-03, -6.800607875621965739e-04, -1.463817572264816333e-03, -2.310631449221633472e-03, -3.183909718808888671e-03, 4.299766246565724440e-03, 9.563250828774011794e-04, 5.576333822852564889e-04, 4.856490511631565005e-03, 1.544074651832687967e-03, -4.009169736589607812e-03, 4.652913331370120420e-03, -3.823825339382142929e-03, 3.693979029820871479e-03, 3.044020250756097890e-03, -3.867339332043928830e-03, 5.798964972810573618e-04, -1.02645138462313e-01
-9.281264295607841164e-04, -3.907090032324835732e-03, -4.756772947157027545e-03, 3.152506798332014443e-04, 3.741861319823888699e-04, 1.867249576634669346e-03, -1.025062200044240916e-03, -1.769083704713542583e-03, 2.970713345378092271e-03, 5.152678949597571528e-04, 4.087616218423439571e-03, 3.196644358306580808e-03, -3.392792091627146352e-03, -3.842759977313887215e-05, 3.429199877163875351e-03, 1.224780604616071585e-03, -3.062327409372057191e-03, 1.337380476776867111e-03, -4.700075792483729420e-03, -3.711477308340552228e-03, 2.573840433819918339e-04, -1.146119432864822242e-03, -1.955368235981094771e-04, -1.105689883752793146e-04, 2.755565585294886960e-03, -2.863296886170944768e-03, -4.782297677263419415e-03, -2.586879808787243603e-03, 3.759579287459803229e-03, -2.569664021603209822e-03, -4.474850131423701617e-03, -4.153553708350157976e-03, -3.751724194830611397e-04, 1.346412645740615449e-03, -4.249046739412741351e-03, -2.512528730799806070e-03, 7.690530001130992110e-04, -3.198816854506656565e-03, -2.55184715556893e-01
-7.875115486236016968e-04, 3.527245111396716537e-03, -4.803896029291278812e-03, -4.481913807490377211e-03, 1.496622990537992311e-03, -3.734929208104177233e-03, 2.958698269252605512e-03, 4.988357109528777228e-03, -3.330300435893203057e-04, 2.908266361142025636e-03, 3.969776203701109313e-03, -3.833317829340145318e-03, -3.745827917324384606e-03, 1.575193256706732166e-03, 4.715615545218097490e-03, 2.210053344438815161e-03, -1.518150824574864780e-03, -3.721079411644832770e-03, 2.937269329170710819e-03, 2.335095333928252810e-03, -1.362633667585418182e-03, -4.867398572979704692e-03, 2.772492654919174980e-03, 3.060072412281235679e-03, 1.157835160363261152e-03, -3.731483664608662223e-03, 2.783408009390236221e-03, -4.797146303881520170e-03, 9.346504519204389821e-04, 4.397702664053825677e-03, -4.212744375269623573e-03, 4.670847486835574131e-04, -3.214723197162377196e-03, -3.845688299661061474e-03, -1.452201117616996190e-03, 4.443107463594952317e-03, -2.967667253725232018e-03, -3.086637364947963924e-04,  1.90876481073056e-01
2.099682636282659658e-03, -6.285266580534718678e-04, -1.789940743862202584e-03, 2.585983716318953837e-03, 2.787347866483934865e-03, 4.084322635221482659e-03, -1.667340407392864030e-03, 3.882687241880011797e-03, 3.964235855761189323e-03, -6.919173522890046182e-04, 2.205188168504687053e-03, -9.772051468254763437e-04, 3.807739222300404736e-03, -1.489053056636110896e-03, -3.363144149131046257e-03, -1.508308365063821491e-03, -2.351219427024417875e-03, -2.470242512365919754e-03, -2.297245843669630527e-03, 4.232511251146759204e-03, -4.151083852280683384e-03, 2.443125395265075862e-03, 3.686866129126744468e-03, 2.168152164232619271e-03, -2.167700785438865692e-03, -4.821193306591865270e-03, -1.914427070797842644e-03, -4.024007104937487103e-04, 2.853678036663150064e-03, -2.173338559269721599e-03, -4.553233184757362467e-03, -2.418436242947939914e-03, -2.458507594394190084e-03, -3.369403601185833735e-05, 3.936581768486295194e-03, 3.394006966359858213e-03, -4.124374519006733519e-03, -3.905934236138990101e-03, -3.53818717647032e-01
-4.982370084727775865e-03, -7.027961419684832997e-04, 1.250429946513030230e-03, 4.088975452657562376e-03, -7.680740068857260308e-04, -1.693028392600979138e-03, -8.537230812875069158e-04, -4.717443272439919566e-03, -4.425653774045407510e-03, -4.510350866246738179e-03, 8.437797678734629617e-04, -7.119315618543363422e-04, 1.227340229681023707e-03, 3.343701205428451298e-03, 3.095364535595388975e-04, -1.611916554416815538e-03, -5.023281769453201775e-04, -8.055470729263335822e-04, 9.449043027305627229e-04, 1.342740659766862923e-03, -5.596073943987629404e-04, -1.164701697805002340e-03, 1.633372115311860877e-03, 3.344475052190747782e-03, 2.052425500418753393e-04, -2.806914495779802392e-03, -2.045533954818748792e-03, -1.001570540534828940e-03, 2.116739770409047615e-03, -4.088947275607359745e-03, 2.108232250241976261e-03, -2.528805834900728269e-03, -2.972322693614078831e-04, 3.392343381382952050e-03, -2.260707132979439347e-03, 3.768885617189040790e-03, 4.151713592077598339e-03, -4.342446617134230677e-03, -4.52537119919789e-01
-1.378685454481670767e-03, 2.615640201294846048e-04, -4.029747345442094390e-03, 4.717924675812017535e-03, 3.407440237321290519e-03, 2.525934672822508290e-03, -2.554594381313275535e-03, -2.995328484616519450e-03, -4.612956021812220087e-03, 4.468051451565814916e-03, 1.927581251290376788e-04, -3.758293849162172660e-03, -4.545369970827823139e-03, 2.280175434632446957e-03, 4.766326478657441357e-03, 2.472122981073252360e-03, 3.754144621870255868e-03, 2.150867887629704864e-04, 1.261814971272438336e-03, 5.398448101970789587e-04, 9.123216576610963802e-04, 3.182002274528377209e-03, -4.916810195771185478e-03, 1.866073580268771612e-03, -3.792797616103950505e-03, -3.799821973131659557e-03, -9.241753902842564719e-04, 2.536256769909140535e-03, -4.250603265659120937e-03, -8.700617337523142147e-05, -1.530150435298977072e-03, -2.787003704264736075e-03, -1.664298414154747208e-03, -1.311750163718295847e-03, 1.629279737131362864e-03, 1.259386012007627023e-04, -4.093190653199085989e-03, 2.098129635972106367e-03, -1.99645049246486e-01
-2.156711282823869317e-03, -3.957021096551174844e-03, -1.102240009104252932e-04, -4.980126124586502223e-03, -4.433898224446376768e-03, 4.894361986426338032e-03, 3.803854298908178333e-03, -2.711828742718695034e-03, -1.242777773554368595e-03, -4.838511454674397291e-03, 2.971508455629417317e-03, 1.931297547764650700e-03, -1.632378966165685084e-03, -1.415043789336099898e-03, 3.713995075134325294e-03, 2.710801660206774329e-03, 1.839449298052817615e-03, 1.750337927493936935e-03, 2.840723566733616492e-04, -4.943366543860988616e-04, -7.713131328532700851e-04, 4.055161639269838289e-03, -8.377448965411066206e-05, -3.089490859533504559e-03, -1.781409138749518242e-03, 1.659549271213995453e-03, -4.047127651488060737e-04, -4.739540313511978083e-03, 4.978552730179195557e-03, -1.991399131738095726e-03, -4.938444001158631518e-03, -4.542139952596410332e-03, 1.678316183040734488e-03, 3.467846087725934279e-03, -2.220157810551891611e-04, 1.574362711165158170e-03, -4.502279215110949542e-04, -1.156432811419187690e-03, -5.82237106950934e-01
-4.655670958456604655e-03, 1.180164511266884771e-03, -3.228684833113343831e-03, -2.893779100135107207e-03, -4.848753675979245586e-03, -7.162319474033947836e-04, 2.759365326831775787e-03, -4.464407884797273740e-03, -3.387931667737500117e-03, 4.627195068740817471e-03, 4.286138151379124614e-03, -4.546778782145054904e-03, 3.127857902689993447e-03, 7.117796705666369975e-04, -2.548697423992857258e-03, 3.447138697738211591e-03, -1.069929056978326416e-03, 4.242148674546671397e-03, -4.468206995502088490e-03, 4.384563660977317326e-03, -1.104126367808119877e-03, -3.462453301129618955e-03, -3.979350015120708926e-03, -1.243455315774582778e-03, -4.102852259839675532e-03, 1.343755934622411878e-03, -6.671552357509023118e-04, 7.715148304548394981e-04, 9.001168970276694423e-04, 1.512319630051839510e-03, 1.191511515213642715e-03, 3.725745668656018500e-03, -8.047586019389240883e-04, -3.365357134522137597e-04, 3.780106582621204844e-03, 2.488450879708632886e-03, 2.325841002041705713e-03, -3.330947900663915745e-04, -8.98761212170957e-02
4.728135717523803891e-03, 4.182787702986190403e-03, 3.403294266168910981e-03, 5.051106371252323674e-04, -3.229219090284649301e-03, -4.863579681481977439e-03, 1.601410914992476044e-03, -4.396195826848118063e-03, -3.098052252702201189e-03, -2.872507467390172410e-03, -1.054853406208283717e-03, -4.768963176600466217e-03, -4.402606864323021021e-04, -1.041883144178935676e-03, 1.697320708491944358e-03, 9.269719869877618770e-04, 3.045412607371917463e-03, 1.129067994629749314e-03, 4.964387391238138034e-03, 4.507880156094540638e-03, -4.179934120477968480e-03, -3.950626953781625345e-03, 4.793296020370020616e-03, 3.512653521875767557e-04, -2.714820067724567441e-03, -3.085696089381813334e-03, -2.190999333052164738e-04, -1.695104664343837549e-03, -2.746859409106277867e-03, -4.666570388163354850e-03, -5.921304271515959519e-04, -2.429614242041894853e-03, 2.459951202548141605e-03, -8.832738021055724573e-04, -4.990515369236541571e-03, 3.857563510154364550e-03, -1.904770944400788115e-03, -4.448670079576642206e-03,  3.11750552001439e-01
1.068326169461081103e-03, -4.067721658709876412e-03, 1.325135674584428103e-03, -4.967096648457466380e-03, -2.547174811656538560e-03, -1.229680887295386393e-03, -4.452034905802653049e-03, -3.672981831389141201e-03, -3.157492063562686389e-03, -1.939846236690800918e-03, -1.878465375941934870e-03, -2.178816535040204935e-04, 1.621597100659197786e-03, 3.505948919841026315e-03, -4.880730881450788018e-03, 4.070819520428580265e-03, -4.420161909715483207e-03, 4.337839202481333367e-03, 1.328177759844683531e-03, -1.316267113538860476e-03, -9.719851671073313076e-04, 1.188009910481690329e-03, -3.106158133151052606e-03, 8.059569141173877210e-04, -2.833320270193189286e-03, 2.711533109800000167e-03, 5.245250586504556639e-04, -3.773618821938983306e-03, -1.136277814645544372e-03, -1.141401792920173752e-03, 3.904543504080667735e-03, 2.000859619882620725e-03, 4.511850353727057603e-03, 2.092610655208937409e-03, -4.591399695322889891e-03, 3.975501810925576029e-03, -1.658717304884818437e-03, 4.556867063636570875e-03, -3.03430986835981e-01
3.561428981033610414e-05, -3.342338945924154363e-03, 2.409791073568006391e-03, -1.096659623108577151e-03, 2.140125009323449665e-03, -2.299177094771034241e-04, -1.757274335765527870e-04, 4.762031985928793371e-03, -2.120680806019454093e-03, -2.509573865769506619e-03, 3.810196966643085090e-04, -3.238007904672148170e-03, -2.204308216112481518e-03, -1.179796936750583235e-03, -1.559275408008085808e-03, 2.499091594639431604e-03, 3.214685664560868253e-03, -2.063018963183241294e-04, -1.732330883050638495e-04, 4.550259715373650149e-03, 2.962904047962459236e-03, -2.151024447370291932e-03, 4.294509137173153218e-03, -1.707110776633120192e-03, -4.004167323918898097e-03, 2.343233349577656006e-03, -4.642801435538336519e-03, 4.933809297132538130e-03, -1.410074929872265435e-03, -2.937635439699019888e-03, 4.773532005630319597e-03, 3.675201773041800180e-03, 4.078011348551999204e-03, 1.767765712926312738e-03, -3.907721855757022821e-03, 4.480416186203524040e-03, 3.535708742777430094e-03, -2.227252765333660473e-03,  1.22964150468382e-01
1.169150728472272832e-03, 4.632940875353271093e-03, 4.090332366959027743e-03, -3.507082685919853809e-03, -4.699102163442832325e-05, 1.503781138058767584e-03, -1.010736294611099331e-03, 2.180690337184177166e-03, -1.039295898795125107e-03, -3.337351971009948782e-03, -3.677546697823689745e-03, -1.069045880703100096e-04, 2.404888424460942947e-05, 9.665334018005627623e-04, -7.347070713728878766e-04, -3.418019853144008136e-03, -4.912884118071028823e-03, -3.169654752740912185e-03, 4.302598068888314684e-03, -4.600363372014667010e-03, -9.187615306206105281e-04, 2.604747742620722867e-03, -1.918159783524241158e-03, -4.362626862977268295e-03, 1.979460908464281826e-03, 8.112680710012270049e-04, 2.888974289418885441e-03, 1.402892148769967900e-03, -1.921666892666352988e-03, 1.629567547581687627e-03, -3.983833007573006450e-03, -4.671866143767753124e-03, 2.082625788886981189e-05, 1.649665136787043310e-03, 9.195093107666621815e-04, -3.804686235001838134e-03, -4.564642608366269519e-03, 1.992243316494893973e-03, -4.68418868140295e-01
-3.750576081629002426e-03, 1.204446504959920741e-03, 6.355444197155080480e-04, -2.124290525047318155e-03, 1.277434250829889012e-03, -2.245896113421615246e-03, 4.707560889645176494e-03, -4.910274770683137162e-03, 2.981776523828083558e-03, 3.129931725122915565e-03, 4.891773039822239558e-03, -7.544237032656711181e-04, -1.689296106219343938e-03, 3.081098235139951777e-03, -3.322100222484952042e-03, 1.644610523895178450e-03, 1.375098998963033767e-04, 4.254674535109659664e-03, -1.795245369220670097e-03, -4.760383321824603400e-03, -1.483541696507077387e-03, -6.966796434541089669e-04, 2.205601342306872693e-03, -3.754955916573729600e-03, 4.591926235610822166e-03, -3.913313053657777735e-04, 2.091223527037535702e-03, -2.780765449936679640e-03, 3.168968511900968968e-03, 2.420887506645457397e-03, -8.044393975820633008e-04, -2.326710657072775159e-03, -1.210891041404172589e-03, 1.105961174159027401e-03, -3.087821428897494051e-03, 4.576226427017000831e-03, -3.210529147458691685e-03, -3.335447285043274639e-03, -1.68804342597286e-01
3.439693915228143883e-03, -1.643831678183883729e-03, 2.611224380058589298e-03, 1.114963678999209354e-03, -3.741203354522964607e-03, -6.891156453803330695e-04, -4.837537239740834216e-03, 4.936376988335657370e-03, -1.219491149198118768e-03, 2.014538595252121644e-03, -4.755702794294154427e-03, 3.763594206030710168e-03, -7.916053141093963921e-04, 3.758192217606934685e-04, 2.546204692406310935e-03, -4.799645644714342629e-03, -1.715301993548172792e-03, -3.141123325195557554e-03, 2.623381754656393949e-05, -4.082675808803838159e-03, -8.212969283763436878e-04, 1.808019245448833252e-03, -2.219062345237463561e-03, -4.721075229238550809e-03, 2.989284402950110817e-03, -1.034475618554019614e-03, -1.435182185837349106e-04, 1.394446716170273833e-03, 1.348783355744512941e-03, -3.350236006138052232e-03, 4.190273751534030755e-03, 2.483333490640321668e-03, -4.034473548216597344e-03, -3.027761765245270270e-04, -5.562615192056859920e-05, 2.241169895582839112e-03, 2.523312026009930098e-04, -3.621912015636108428e-05,  2.59496602677785e-01
-4.008113597438535056e-03, -3.634124158152178714e-03, 3.803361959940456880e-03, -3.224007204348756754e-03, -3.791335518032578483e-04, -2.776447265218230220e-03, -1.527315340586532077e-03, 2.835774004633091760e-03, -5.886532375702895753e-05, 1.009038628914793803e-03, 1.061985310926302599e-03, -2.103100742238064088e-03, 2.312301522949911786e-03, 4.406553284142094087e-03, 2.318220036792077374e-03, -3.885455222121212814e-03, 2.846730786671461053e-03, -3.602959694031680413e-03, 1.962872320626626865e-03, -4.893537471969852844e-03, -2.773473524808840740e-03, 6.945724915978727237e-04, 4.341824934825759541e-04, -1.204071390850662299e-03, -2.539177320546898587e-03, -4.304380224725849920e-03, 3.608677507507145055e-03, -2.333554078041635924e-03, -4.891013919121077469e-03, -2.049333325160867820e-03, -2.781803950681187645e-03, 3.721802182567929274e-03, -2.015787473577974800e-03, -8.389869957916348125e-05, 4.847504032545567679e-03, 4.811823932549310137e-03, -9.374745850639710013e-04, 1.695832476815086962e-03, -6.44313526168237e-01
4.299831650867535701e-03, -3.414039015314420528e-04, -4.923160080571627704e-03, 8.638134318491117597e-04, 1.518906653746114090e-03, 3.824893252884101896e-03, 1.369535844029964693e-03, -3.311771531399114628e-03, -8.054661447796278642e-04, 2.155735049840006023e-03, 1.707586171144071657e-03, -1.309032898180387174e-03, -9.884460520101188974e-04, -4.311748993206552388e-03, -9.409061787924583031e-05, 2.354598725531546581e-03, 4.008412184260245342e-03, 7.889150007508310969e-05, -4.086282356983387404e-05, 4.567331038033981341e-04, -1.502201164425761518e-03, -1.056372224386328829e-03, -4.700391300355933645e-03, 1.288691279446352138e-03, -2.217281214705391686e-03, -1.894196682004090256e-03, 1.956958208615972548e-03, 1.741047169240589332e-03, -1.429694302185870527e-04, -3.784519676719776647e-03, 3.816356160770828856e-03, 3.029956967955408850e-03, 2.913048018559131341e-03, 4.468648966802938466e-03, -3.284085784089861570e-04, -1.961835791354485728e-03, 1.466010069862141475e-03, 7.870985617999008352e-04, -2.93217262246511e-01
-5.051916359480809748e-04, 2.463628349436200286e-03, 2.235731231135773198e-03, 1.816648276605757097e-03, -2.666085349696951413e-03, 1.849030418664691228e-03, 3.470398920543011148e-03, 4.283614711765316649e-03, 3.897510191651708256e-03, -1.062318040343728821e-03, -2.988895765863855501e-03, 3.281667754198644774e-03, -1.914171924773652722e-03, -1.286030175079402437e-03, 1.181545218767470276e-03, -3.190498634144428754e-03, 1.116138515343160532e-03, -4.765482874030311372e-03, 1.574946170056683824e-03, 3.652300179115110582e-04, -1.775367022127530628e-03, 2.925330864318152063e-03, 3.149259755821878781e-03, -2.862374449204943203e-03, 5.587070958725280992e-04, 3.530726365727099303e-03, -1.846712529771077187e-03, 5.930384547069471671e-04, -1.292893280378801593e-03, -2.496020633282795397e-03, 2.720430337265936777e-03, -9.910811381719846977e-04, -2.633256337703410426e-03, 4.625040605695842841e-03, -4.079604500107450807e-03, -3.454976335445822822e-03, 2.219511516354993885e-03, 3.419645329594519015e-03,  3.85900322344836e-01
-4.841254949927056850e-03, 1.891874044061749027e-03, -8.521898377786170375e-04, 1.286682572968274318e-03, -2.768370074344620770e-03, -2.170138906863708101e-03, 3.942457140055311005e-03, -4.330877925104289518e-03, -3.863991343601448289e-03, 3.251900499005862949e-03, -4.984909247741334433e-03, 4.196759684454695605e-03, 2.156206607024811414e-03, -4.361124362518569927e-03, 2.623140043982907094e-03, 3.615829474217392009e-04, -3.620170809354307344e-03, 1.415050951195317118e-03, -2.644698221814345985e-03, -1.806971301931512876e-03, -4.872097388610884504e-03, 2.153504479820564019e-04, 6.811120191692332515e-06, 4.590738737186246532e-03, -3.346871226239804195e-03, -3.618911379155006700e-04, 1.271961719927692386e-03, 1.004474978790262374e-05, 4.572779762074088636e-03, -3.481113109513073178e-03, 1.690627261586408886e-03, 7.382797067685391984e-04, 2.875189731467348714e-03, 2.631100053106663963e-04, -7.660739219099519520e-05, -1.760771150214222522e-04, 1.417807790491919413e-03, 4.179167757802281988e-03,  5.25475703514666e-01
-2.761635631890082924e-03, -4.799420092673470015e-03, -1.681737028396064568e-03, -4.001192916551039695e-03, -4.101424450782814070e-03, -9.516873694803600417e-04, -5.378817481661805205e-04, -4.557725100450256937e-03, 1.980265746020276954e-03, -7.584517458024877395e-04, -3.172992788027486927e-03, 2.475928818289842639e-03, 2.769312126154264454e-03, -4.073241514918490673e-03, 3.215035015201967925e-03, -3.321561510476747896e-03, 4.867672371459384056e-03, -3.576813294867803219e-03, -2.077621989269644049e-03, -3.831982166370463683e-04, -3.310842353631496086e-03, 1.882120179726798695e-03, 1.654507831744492230e-03, 2.740312166535663688e-03, 3.369450389447701047e-03, 3.112644276854183156e-03, -2.103612595604356563e-03, 2.469185475271621147e-04, 4.857685433087195054e-03, 1.253654868189151526e-03, -1.983451703689903013e-03, -3.145393035087386355e-03, -4.061442212540511409e-03, -3.433596390222573569e-03, -1.102755302303299115e-03, -2.209640215730235887e-03, 2.574548968667357551e-03, 6.892221168096623884e-04, -1.05948841085673e-01
3.469412828853223746e-03, -4.824493368035994052e-03, -1.344181205151024055e-03, 4.330356587486764580e-03, -4.766079438238544734e-03, -8.420115361485874805e-04, 2.125484226631219400e-03, -4.427194400705463349e-03, 4.991215363107974479e-03, -4.015916762173592051e-03, -2.230814947368687639e-03, 3.555775980454839447e-03, -4.367308585491745665e-03, 7.757440462596403019e-04, -8.757218411752946616e-04, -2.185373568421298748e-03, -2.535176643384132525e-04, -7.896803155389865020e-04, -3.096290289540754893e-03, 3.077048057076101420e-03, -2.307511500580504069e-03, -5.153397800715430258e-04, -4.078306783239809240e-03, 4.032669574894275424e-03, -4.576325704680611617e-04, 1.691947495293262202e-03, 9.546951234561795036e-04, 5.333658648004136263e-04, -2.119454280861200399e-03, -1.797202209148721259e-03, 8.358238938519337372e-04, -3.667853138968717609e-03, 1.752314062893324705e-03, -1.243107834846676404e-04, -1.490498936903444840e-03, -3.290991480662973021e-03, -2.511950550627799206e-05, 1.233439291504472707e-03,  3.12882647403880e-01
-1.705428860565699149e-03, -3.791398539845009484e-03, -3.087019048559078507e-03, 2.711456082406563453e-03, 4.709077619576453391e-03, 3.987437472609061187e-03, -2.175457756799709704e-03, 3.167512060432019563e-03, 2.251258361408858474e-03, 4.889097628813694058e-03, 4.519677368691101677e-04, -4.422280946233361418e-03, 3.186928305101812200e-04, 1.352901019807738019e-03, 2.061696289653899838e-03, -4.262710194386575696e-03, -1.729311729345602445e-03, -2.351844817600381131e-03, 4.907971068807271200e-03, 2.132422568559501699e-03, -1.590934485677745862e-03, -2.225431847051572484e-03, -1.480869862159511861e-03, 2.791404722498900051e-04, 4.730727412515216973e-03, 1.954974978732879412e-04, 4.375416916416142651e-03, 4.452988152367481217e-04, -4.874260525354077132e-03, 1.231903245451179685e-03, -1.688437064600349907e-03, 2.659653964087108427e-03, 3.448484285346702788e-03, -4.105163248792714943e-03, -1.592265620630587547e-03, -4.213136163592073186e-03, 4.358005817297942730e-03, 1.146222759551562831e-04, -3.58240830294781e-02
2.372510795449945045e-03, 1.392995521576050749e-03, 1.097302463311007267e-03, -2.157891626388382458e-04, 1.343207041775829232e-03, 3.945406158730204588e-03, 2.702139419330552156e-03, 2.690736827945391062e-03, -5.732527178733994033e-04, 4.302567670750928955e-03, -2.804784767017032623e-03, 2.552322818811035565e-03, -4.158390257229446600e-03, -1.161817240112956312e-03, 2.270819222122654781e-03, 4.899640444714921383e-03, 2.767058044197082817e-03, -4.494989999691778593e-03, -1.559919204230731174e-03, -4.921695857882345260e-05, -7.328463148073213751e-05, 1.065908010144099929e-03, -2.070316777518170503e-03, 1.319363668603201062e-03, 8.600002142418634865e-05, -7.141555908751588688e-04, 1.717748444236034955e-03, 4.917085933088429298e-03, 4.072704762033156969e-03, -4.773924873246242380e-03, 4.880870846939125429e-03, -4.097650374798798324e-03, 3.750327991218086257e-04, 4.764726603618150633e-04, -3.930388570946349164e-04, 4.356512422326716885e-03, 3.168129691076434357e-03, -4.458492425402950377e-03,  2.93038195307316e-01
-3.673046126428749537e-03, -8.689587678120495873e-04, -3.210420719184617962e-03, 1.834496638125580718e-03, -4.165937398833052287e-03, 2.751665458423479226e-03, -5.590108932202273589e-04, -1.198965030881639447e-03, 4.797979051862905422e-03, 2.899780311334558200e-03, 9.185134669644516234e-04, -2.790457228470529481e-03, -2.147838543557952125e-03, -2.629082970570359359e-03, 1.388573634796040970e-04, -4.746743267527987926e-03, -2.274708305242669967e-04, 2.756914593853825556e-03, 3.816092598376123052e-03, 1.610435836085073041e-03, -3.018748986915297666e-04, -4.101506457500761656e-03, -2.683229855953411531e-03, 3.955902108338446577e-03, -3.260750477638670996e-03, -3.961302559672792364e-03, -6.467235678495469875e-04, -2.558905369209512129e-03, 4.734875590691732875e-03, -5.315224262254242965e-04, 4.914450094803320471e-03, 2.259386007281921106e-03, 1.639407271073354579e-03, -2.115086727654381590e-03, -4.887080680938968649e-04, -3.437181409521271151e-03, 4.538846177032047902e-03, 1.342552939701920772e-03,  2.48165972769762e-01
-4.324151872372569184e-03, 3.571458950466637264e-03, -4.519061294185743906e-03, -2.665228720555041370e-05, -1.655205472532910674e-03, -1.308281437788308757e-03, -3.486612261394570964e-04, 1.249333395500961882e-04, -4.854319495796681656e-03, 1.377136174176505842e-03, -2.069333040673806794e-03, -4.840648953076831344e-03, 5.389491826543859124e-04, -4.935239532165748219e-03, -5.748091879842140428e-06, 4.508209596298228677e-03, -2.766723221902792160e-03, -3.618889088157764208e-04, 1.154880996518840158e-03, 2.554402058111184155e-03, 3.080697963509685527e-03, -8.260123951527994710e-04, -1.606320414070095542e-03, -1.025760612778583644e-03, -1.047498837071323720e-03, 1.902094509021515049e-03, -3.557284896858019241e-04, -2.296852763460581481e-03, -1.632804566675510188e-03, 4.162240380185115371e-03, -3.291880867656724746e-03, 1.209835677470451516e-03, -1.268081451905329893e-03, -2.686347841746213484e-03, 3.757375797579178348e-03, 3.054645508621315134e-03, -1.166267275227448382e-03, 2.989336583869689132e-03,  1.05289481395238e-01
-1.992915791249342140e-03, 1.155442544316298212e-04, -3.436749747677799241e-04, -2.903819332414441651e-03, -9.974032584983260480e-04, 1.682420606579557859e-03, -3.164322193260482932e-03, -1.326625702805303651e-03, 4.398648007726723569e-03, -3.604236312000363290e-03, 8.623553629990210120e-04, 2.514735401803801750e-03, 3.548084529919207433e-03, 3.153403553825527908e-03, -4.648708562457300880e-03, 2.511028995445801527e-03, 4.097582285804046015e-03, 3.182935791249782292e-03, -3.105638762890828609e-03, 2.765884745961398258e-03, 1.549964891855324864e-03, 2.716062440725014633e-03, 1.919754991993592383e-03, 4.470495809012970875e-03, 3.797588931305639556e-03, 2.643997282116522345e-03, -3.018209227645821460e-04, -3.008156877129714891e-03, 1.832206238902035593e-03, 1.067042810276453389e-03, 4.260785751321096923e-03, 7.892471232202463716e-04, -3.259923159772947984e-03, -3.998577475629896266e-03, -3.008322811607133402e-03, -2.710642419806131350e-03, -2.063711853984269342e-03, -3.053106368875471710e-03, -2.65409235235189e-01
-3.096763278796527304e-03, -4.302705055003561152e-03, -6.746743096292147357e-06, 1.655685800851501924e-03, 4.223140273086704519e-03, -1.208474525202796364e-03, -1.684352379833168028e-03, -4.142779511776982851e-03, 3.332758706653751041e-03, -3.944270588514655999e-03, -3.656021294591641629e-03, -4.494865264845536793e-03, -9.085469263674312082e-04, 2.069051603724629887e-04, -4.942697352796221293e-03, 3.262893649583677863e-03, 4.784363839508889299e-04, -1.032898907031747429e-04, 2.265757420965796264e-03, 3.735452389802702486e-03, -3.270065056220732014e-03, -6.662830567575259155e-04, 3.537324643825097079e-03, -2.056348237334846164e-03, -2.398853954729340127e-03, 8.553369150426873985e-04, -4.421414489082526461e-03, 4.210443645362958731e-03, 3.037959182426228436e-03, -1.562935541579591175e-03, 2.297576879542116181e-03, 2.812033252962045649e-03, 7.515339121411434078e-04, -4.344732872833042409e-03, -5.124715424515789014e-04, -2.348998768895793534e-03, 1.240225844534342814e-03, 2.513489292686361953e-03, -2.45500256553725e-02
-4.073337887602187721e-03, 3.505160568113264985e-03, -3.374990671502156418e-03, -4.522749208235737201e-03, 3.944941350337106967e-03, -3.011821349271125506e-04, -4.090229557276691720e-03, -6.140451665246219118e-04, 2.187613282088305550e-03, -4.290001603254805368e-03, -3.863395789364420119e-03, 5.912853339808286576e-04, 1.827282026820847144e-03, 4.089153651814366255e-03, 1.595565621938824404e-03, 4.105099334488233193e-03, -7.553579305100326449e-04, 5.938965996582388704e-04, 7.291643414220018091e-04, 2.488963932778560408e-03, -8.614388673345695774e-05, -9.859381313323594895e-04, 1.379526686757819726e-03, 1.880859480896882562e-03, 2.381232614225596220e-03, 4.588488368410735888e-03, 2.806908872650146040e-03, 3.173679941062598070e-03, 4.117429180787890441e-03, 4.538478829209723758e-03, 1.553418870815602773e-03, 3.551280554179272325e-03, -3.918539874392654165e-03, 4.713774491243846385e-04, 5.456240436139793773e-04, -1.122082242359736387e-03, -1.728638731484229314e-03, -2.886994827818863737e-03, -7.17031590513637e-01
-3.795050754760218199e-03, 1.461953927582086872e-03, 2.057085671627500306e-03, -2.871348831303649311e-03, -3.008914854272655339e-03, -3.583528798826599374e-04, 4.677848656799344154e-03, 9.820278799762558256e-04, 1.687785592727239492e-03, 1.591990327388244711e-03, 4.555489259343461009e-03, -4.980824252143990598e-03, -3.956340736673349956e-03, -3.929495208001187317e-03, 3.996810812752441683e-04, 4.529471295190093047e-03, 1.414351166295070919e-03, 4.719152428242653907e-03, -4.423669596806976100e-03, -2.342524222513297193e-03, 2.743025089605639379e-03, -2.362057328973014066e-03, -1.022889337986606501e-03, -1.126250256828171658e-03, 1.819412435245830115e-04, 2.065478629386785676e-03, -1.125384577213332359e-03, 3.333944798529624512e-03, 2.849176136110380050e-03, -4.390580134324178346e-03, -1.307120454436502474e-03, -1.591589157708924503e-03, 8.233824458211335892e-04, -1.778959317183318335e-03, 3.329192133994050146e-04, -4.443409282311954790e-03, -1.222041612822135151e-03, 3.299296306844912499e-04, -2.02239895158900e-01
2.395077328818809650e-04, -3.265364254405018520e-03, 1.941991261094935285e-03, -4.544864530046135477e-03, 2.350840171654665182e-03, 9.221137403713341313e-04, -6.181067760124645677e-04, 4.684596545321981220e-03, -4.127792361704653995e-04, 3.694883186243514903e-03, 2.609733766700528083e-03, 1.339281065123993329e-03, 8.743065971958188798e-04, -1.730078393993846140e-03, 4.901754692026156351e-03, 2.900927276019843459e-03, -1.360851335454708443e-03, -8.822414918844027551e-04, -1.938391724448440719e-03, -2.608450509181668188e-03, -5.066750701674515439e-04, -4.531383044060827842e-03, -1.153028570350679398e-03, -1.858010824091850099e-03, 1.655807517705181267e-03, 3.412300176723892520e-04, 1.598779536513914717e-04, -4.321563002481034962e-03, 6.589296261844471148e-04, -1.225140472428409323e-03, -2.339963099557050563e-03, 2.980844033237688498e-03, 4.383864549256391574e-03, 2.238469949848912073e-03, 6.827818364805284326e-04, -1.729926067449065116e-03, -3.128611373718588953e-04, -2.154591122483450003e-03,  1.94895237157562e-01
3.451890656858188494e-04, 3.017660460221203295e-03, -1.029463789359951961e-03, -1.742794237798930054e-03, 2.392805018919951995e-03, -4.060868172333956597e-03, -1.720601706263420131e-03, 4.185853316841974328e-04, 3.040359887250848603e-03, 2.723531956462459103e-03, 2.943228384712330559e-03, 1.860094729934287996e-03, 1.253854972935386329e-03, -3.656875032843464463e-04, -2.598009382574500373e-03, 7.941863697937178931e-04, 3.713432488238011669e-03, 4.036761467972120945e-03, -3.004213540420881158e-03, 3.302227999669572409e-03, -4.446225034837769652e-03, -1.091432820776083203e-03, 2.852263347303179986e-03, -3.924165681099459242e-03, -4.174222261352886383e-03, -1.450840730254027502e-04, 4.330656439118235265e-03, 4.273577711599377271e-03, 3.529664976641960078e-03, -2.710687467679236736e-03, -4.476604370588320794e-03, -1.440518416612979365e-03, 2.596316922899973012e-03, -2.402800349297171990e-03, -3.763308672356141613e-03, -3.240154526678288953e-03, 4.381428666121881324e-04, 3.556073906768032061e-03, -1.56469537650524e-01
2.384739562611246956e-03, -2.972552117646696038e-03, -2.805631914465262031e-03, -4.054512432425444110e-03, -3.380041589050091985e-04, -4.955388373410032736e-03, -2.788788508058161891e-04, -3.861633915025310462e-04, 2.717555139110926742e-03, -1.221632109957594085e-03, -3.340943371314189329e-03, 7.922480773683484440e-04, 3.188658232296517556e-03, 3.810453967879946433e-03, 3.605977758640797545e-03, -1.763808476699521392e-03, -4.444006453969984345e-03, 1.806909152664660199e-03, -4.392186608111249037e-03, 3.325067295827963815e-03, -2.281211102502770163e-03, -2.843799851569347309e-04, -1.078681100530007667e-03, -1.108099664202576162e-03, 1.614760026463904659e-03, -4.061633220596575118e-03, 1.447602588406670700e-03, 1.959253035143016311e-03, -2.944298733256818686e-03, -6.027541368042906023e-04, 3.165308768798582445e-03, -2.077392223497301349e-03, 1.848573368798392055e-03, -4.390739525563960681e-03, -2.626590247861669385e-03, -3.568026840023547433e-03, -3.079281654170416306e-03, 2.452367071672707267e-03, -2.11545872244979e-01
-1.032016189271550005e-03, 4.830586136081928272e-03, 2.116177524670338761e-04, -2.930178387797182683e-03, 4.506815494472656350e-03, 3.964174081999314453e-03, -2.787799652992698635e-03, 3.917464082280313481e-03, 1.582480375518224847e-04, 4.283933048517785461e-03, 1.487278294035644655e-04, -3.116808286857448377e-03, 2.836666382035278253e-03, 1.569771636046097922e-03, -2.551120756696433414e-04, 3.048024965761987615e-03, 3.341962725914022006e-03, 1.085536315753829126e-03, -3.721167924312547559e-03, 3.926820591122256315e-03, 4.125798025401460414e-03, 1.611144916803792723e-03, 6.925014776230902641e-04, 3.314048578105951992e-03, -4.965626977125548770e-03, -3.045796701717825260e-03, -1.598527302526501874e-03, 8.271503352326016814e-04, -3.913751354307723820e-03, -4.230705212599677849e-03, -1.942230343440435030e-03, 1.802375448831846846e-03, 1.143308532220920111e-03, 4.957678640974438541e-03, -4.403262430167313030e-03, -2.086341831441278910e-03, 4.936799507207796991e-03, 1.614952729472889439e-03, -6.95312356389620e-02
2.759786822426292183e-04, -1.172490519402514045e-03, -4.066494751462553132e-03, 1.728914519859266544e-04, -2.137229101342189453e-03, -4.519647382124555857e-04, 1.489548024999434207e-03, -2.612433060872229942e-03, -1.668201168324305681e-03, -1.896979089695976801e-03, 7.911986512040489194e-04, 2.958668670866269890e-03, -2.124539576280391404e-03, 3.524262416019175934e-04, 2.417353960820252910e-03, -3.766239401159138245e-03, -4.201133395151655445e-03, -4.985375188975977451e-03, 4.598200700678329797e-03, 2.662046005831580388e-03, 2.306833013975178107e-03, 4.034059846848701836e-03, -2.757924281375596139e-03, -8.868174289173883992e-04, 1.720490838131795604e-03, 2.439780472713756927e-03, -3.983378674798165354e-03, -3.215462774083953715e-03, 3.825862747887310428e-03, -3.191604719573354690e-03, -7.743802825023252123e-04, -1.631915039988642013e-03, -3.140703321641587827e-03, 4.290131344734731192e-03, -1.379550421614678286e-03, -2.192533833688788993e-03, -8.222383374584668614e-04, 1.627681431332865872e-03, -2.53510128140375e-01
-4.131292006257268092e-03, -2.013441414070926347e-04, -2.212314722978343806e-03, 4.285247791108205695e-03, 1.638866378883991996e-03, 9.514771857741478531e-04, 4.549714346687961167e-03, -1.145374304780741662e-03, 1.029647862525327057e-03, -1.545881757200572460e-03, 2.462591624366726809e-03, 3.911607116086183306e-03, 7.373186552350977779e-04, -3.308086714521203502e-03, 1.103499187733752128e-03, -2.687490635397694373e-03, -5.433253763215675422e-04, -4.300865193849151211e-03, 3.887346078384571260e-03, -3.241805651692314209e-03, -4.714724160421770484e-03, -3.995989890282353185e-03, -4.048544079303776494e-03, 4.350151405835656765e-03, -1.707090049906648775e-03, 4.531551111354415254e-03, -6.782027337139690665e-04, 3.213805041635030627e-04, 3.595632084948136714e-03, 1.682000394623438429e-03, -1.876597771352023734e-03, 4.949120999557424239e-03, -2.363889206605020513e-03, 2.860475220726054965e-03, -6.479399831760277242e-04, 2.693433612846616622e-03, 3.119098337198386237e-03, -2.923707209441461785e-03, -4.20605751437662e-03
-1.848749305616717922e-03, -3.304895208548433265e-03, 8.391257295038249964e-04, 2.304168788866251504e-03, -4.529464126779016511e-03, 4.978787223162776596e-03, 3.788170302564447881e-03, 3.425704974350263568e-03, 5.720641911684575323e-04, -3.202458240662574979e-03, -4.639830563348028118e-03, 4.578648340741923659e-03, -1.545349582202342441e-03, 4.349130160702900302e-03, -3.907001855715370314e-03, 1.757718686262912944e-03, -3.266685312355302288e-03, -5.647576738698140489e-04, -9.005092125140990583e-04, 8.510537460681786431e-04, -4.821303884181488315e-03, 8.323468723287095680e-04, 9.935300564055333031e-04, 3.697360171440372545e-03, -8.910048356060504271e-04, 1.443245451391263028e-03, 4.864746288130274501e-04, 1.777654769942666087e-03, -4.752173434953637504e-03, 4.824694588426438682e-03, 5.750358267984020944e-04, -1.764652851238639273e-03, -1.733758643614440563e-03, -4.948913841925985622e-03, 3.073462821279484419e-03, -3.852607826910500223e-03, -4.808677027395540614e-03, 1.573531924294846798e-03, -2.02836106414370e-01
1.732021409104183077e-03, 4.530745898640279462e-03, 9.514668740497160548e-04, -8.495837348614695278e-04, 4.902842677595307258e-03, -3.958346339407107194e-03, 3.956833191091248605e-03, 1.423239259091472857e-03, 4.622877247429605513e-05, 2.340720088939611879e-04, -7.179511950025693062e-04, 4.173361880858567075e-03, 4.370288962914076550e-03, -3.505151179355812073e-03, 1.993077753252408581e-03, 2.377019368166463642e-03, 5.449770847604229473e-04, 4.095182166102597984e-03, -2.587882743946372504e-03, 1.773683744224612349e-03, -4.058216766790752328e-03, 2.862791461082432598e-03, 1.070560071855213534e-03, -4.775394854782932449e-03, -4.128070670337815815e-03, -3.703495095921474980e-03, -8.625681043091604563e-04, 4.588896310637248857e-03, 3.209275819212993597e-03, -1.374311220826093544e-03, 4.134802390592575566e-04, -8.710515197859793057e-04, 1.650840553737875638e-03, 4.550706531040579414e-03, -2.087456737142050212e-03, 1.791080113967781842e-03, -4.876075100540958052e-03, -6.755045694846369131e-04,  2.14951110146825e-01
-2.970483350545682650e-03, 9.663695896695335963e-04, 3.033750918233378210e-03, 2.741206584920106645e-03, 3.432378077986663820e-03, -2.923278273940028722e-03, -1.062121131867921169e-03, -4.930199013941674764e-03, -4.072298021022120046e-03, -1.760165964930479002e-03, -4.688577175802092697e-03, 2.890198664605082846e-03, -1.970152825761145848e-03, 1.082842304344861471e-03, 4.124540271798295132e-03, 2.065024131236499472e-03, 4.719013934533699758e-04, 4.173072743301574697e-03, -4.509482104034506257e-03, 2.024030285296205510e-03, 1.058276921684442665e-04, 2.154964117123333266e-03, 2.675072989831474291e-04, 1.952483498773097126e-04, -6.699989823632955185e-04, -1.414314573383025804e-03, -2.558938546409778719e-04, -9.587784308535607022e-04, -2.864146155744729319e-04, -4.285979894413108338e-03, -3.206681456333644337e-03, 4.135107922438815281e-03, 4.930716341431617272e-03, 2.006205893966371903e-03, 4.599754072880161276e-03, 4.076833002209252071e-03, 3.656021070699922229e-04, 4.381134443241544232e-03, -6.40896313931823e-01
4.251850356090096372e-03, -9.025170793463205623e-04, -1.477621057228738818e-03, 4.904990805712284782e-03, 3.474592388390266434e-03, 2.085643642095765318e-03, -4.802762489439089434e-03, -2.361196865208815918e-03, -1.107552176040959083e-04, 3.875869495108968249e-03, -3.582733964399789466e-03, -2.299590548624464229e-03, 1.683072711020658016e-03, 4.020276543537143824e-03, -1.160855342633092171e-03, -5.327992704510153485e-04, -4.319618058162275238e-03, -8.741814902678566104e-04, -2.548311824883155857e-03, 4.578779286768839413e-03, 1.177500986301451696e-03, -2.956780854950895234e-03, -7.294515081138121942e-04, 4.518525410349963009e-04, 2.096429185002877948e-03, 3.431898777489492125e-03, -2.226542595913498859e-03, -1.392620382668454445e-03, -5.385363333173321179e-04, 3.284156753823879935e-03, 2.520775022973500978e-03, -2.060240457604336009e-04, 2.531711687357315888e-03, 2.200083675592875293e-05, 4.400078912212617918e-03, 4.279258279291641223e-03, -3.627721270463658831e-03, 3.141060087459426192e-03, -5.12935288967446e-01
1.819664629269109393e-03, -4.225594207655589823e-03, 4.922933332398649400e-03, -1.052703897739510654e-03, 3.285029281785593197e-03, -3.659516862337340668e-03, 2.393882212199833180e-03, 2.038066144148509805e-03, -4.116826602523175963e-03, 2.241538870419930961e-03, -4.005804746000946742e-03, -2.158370893557667695e-03, 1.446956009909734601e-03, 9.797994761659911331e-04, 3.989816586099427867e-03, 2.287126632150486907e-03, -3.833965722356334413e-03, -3.554347549112555141e-03, -3.143639485773164471e-03, -2.903908198155427580e-03, 3.136550153678186598e-03, -5.881839113364411425e-04, -1.577651363233983483e-03, -3.709825520454205702e-03, 2.636227171152427835e-03, -4.116653581338324333e-03, 4.657651682863205717e-03, -9.030134428306578129e-04, -2.463482064849479430e-03, -1.011644592006023108e-03, -4.054643337126581995e-03, 2.922485615986772714e-03, -2.397022823308660785e-03, -2.385496806397110949e-03, -1.322676507713985931e-03, 3.624764287115101596e-03, -2.428263454867225866e-03, 4.782418596033323477e-03, -3.98629021786118e-01
1.536333715459706206e-03, 1.625907634595991427e-03, 3.148127043285127782e-03, 9.195850005072362873e-04, -9.283918350516005488e-04, -4.806443366195453822e-03, -3.282219870652562915e-03, -3.213569230139051800e-03, -1.468966278930581692e-03, 3.741915248145429723e-03, 2.741350783946362724e-05, -3.332715075918685384e-03, -3.855253712521976642e-04, 4.535310198416480157e-03, -1.865797847131422937e-03, 3.345446005009942297e-03, -3.455994904799529130e-04, -4.118498166766126900e-03, -1.367503402249095525e-03, -7.145729659443454673e-04, 3.730994000826916290e-03, -1.899363696550014115e-03, -3.796997648781922155e-03, 3.706663093286341124e-03, -2.642163588272358667e-03, 7.392904588270736432e-04, 1.001926716482982524e-03, 3.652495156345955674e-03, 3.362825685062412889e-03, 3.801650160809461401e-03, 3.855977549845701971e-04, 5.187974410350458185e-04, 3.409191551009422769e-03, 2.800209568895312487e-03, 2.678202496500829352e-03, 1.594428209042218596e-03, 4.991453641819711823e-03, -1.722174255659411971e-03, -7.59614507133427e-01
-1.006848952171074917e-03, -1.048925791072092412e-03, 9.067756612671255476e-04, 5.306039064491598067e-04, -4.901367542550774496e-03, 4.605837311140469070e-03, -2.205848132545537316e-03, -2.082982154293267548e-03, -3.446151934692936927e-03, 1.159490820314810003e-03, -3.741389787684594112e-03, 4.059922118447393050e-03, -8.619545024353102158e-04, -3.360981381059354074e-03, 2.364233111950773611e-03, -4.598798490307353173e-03, -3.229018456043592378e-03, -4.936111891488978963e-03, -2.974380675905987856e-03, 2.245775573838116983e-03, -2.660239091124456945e-04, -4.288077434107410990e-03, 1.585359889746855780e-03, -3.420766300357191807e-03, 6.564586616308884862e-04, -1.825468440088779884e-03, -1.425221407327056152e-03, 2.184615913035717338e-04, 2.205764826875655435e-03, 3.031440515878830802e-03, -1.087862797986880771e-03, -4.499602267737018435e-03, 3.474949349974084181e-03, -1.595488009985956881e-03, -4.122218159443915945e-03, -4.044118023829660659e-03, 3.679025109375665473e-03, -4.985638845150439785e-03,  2.31350873628316e-01
-1.636218364043852836e-03, -1.850817871806903405e-03, 4.479326895609885353e-03, 1.411326566244251214e-03, -1.411186322050972733e-04, 4.343930470538428720e-03, -4.773105491797425409e-03, 3.314214829505795004e-03, -2.129040646543842782e-03, 3.174971289265592772e-03, -4.269944334658383814e-03, 4.600916507992046031e-04, 4.950286688961738277e-03, -4.298166686516681143e-03, 2.498902687985014338e-03, 3.893035897602573417e-03, -1.885918863998214002e-03, 4.320431837433698352e-03, -2.214388899389666335e-03, 2.814870631660320102e-03, 1.287464399130395717e-03, 8.112689605620981501e-04, 1.529520472673445881e-03, -2.610038340879151583e-04, 3.729325422448472385e-03, 4.855512791207194576e-03, 1.297155290747709251e-03, -1.068880052778444292e-03, -1.846122557137040449e-03, -3.376347775767476328e-04, 1.619223494979620155e-03, -1.706334338879833806e-03, -1.965308276794331191e-04, -3.875448562460349217e-03, 2.819713652649999749e-03, 2.831086335778791943e-04, -4.523644302910683791e-03, -4.088078139402483678e-03, -3.98350046189436e-01
1.522891128236605537e-03, -3.068984884386588563e-03, -3.168640108982078048e-03, 1.870823625623086947e-03, -7.907055031026741579e-04, 3.439442864196697730e-04, -4.700421935126817760e-03, -2.640025704562279883e-03, 3.185310778621826960e-03, -3.476400250041224854e-03, 2.408418756088163276e-03, -1.939957116102756715e-03, 3.653782464590825396e-03, -2.024052265313854796e-03, 4.639409301017914308e-03, -3.419447913706411685e-04, -2.438294982388294115e-03, -4.810547436172006586e-04, 5.367828935459303605e-04, 1.306200341043966921e-03, -3.066973322350597352e-03, -4.045849155305412427e-03, -2.030654400388199818e-03, -4.164832827754686231e-03, 6.418088104900186372e-04, -1.231885682399653115e-03, -3.198803494322397314e-03, -1.589570610142166610e-03, -3.503600762643247976e-03, 1.002719390863123124e-03, 3.046180379987186576e-03, 4.961692565826828286e-03, 4.356240250575332124e-03, -3.588319569876816280e-03, 4.532246048741936026e-03, -9.020061962204655587e-04, 1.892985048158026852e-03, -4.045967007362592446e-03,  3.57633484717066e-01
-5.524625228623351175e-04, -2.627337840437066717e-03, -3.181032323873038501e-03, -5.264546958502307195e-04, 4.692741395925792425e-03, 1.089734404909920018e-03, -7.234916302348362582e-04, 2.257709613212182526e-03, 3.129923820425720149e-03, -4.219296112246835075e-03, -3.533216511338575262e-03, 2.446616495214362988e-03, -1.293123960870271125e-03, -2.983428871126506208e-03, -4.526570945009184346e-03, 5.203391529591625680e-04, 2.806304254772076616e-03, -1.045392712778500308e-03, 2.475922548325267328e-03, 2.306383377787332191e-03, -6.933377171249744536e-04, 4.569682001462399903e-03, -5.996203213443941638e-05, 1.130415522810875387e-03, -3.821200397789026836e-03, 2.854747537650560718e-03, 4.601249132892700280e-03, 1.548339415407795107e-03, -3.471232339632140430e-03, -2.299553234002511565e-03, 3.592941555610506058e-03, 6.642328994572142820e-04, 2.001063308395722128e-03, -8.274034300067237974e-04, 1.023849498242772847e-03, 2.182055732304435426e-03, 1.775010774042492037e-03, 3.437767044490357138e-03, -3.63675020546749e-02
-2.336758009975862561e-03, 7.453608229692852000e-04, 2.476177130500524862e-04, -3.359902999386389730e-03, 3.385142690986206460e-03, -2.554025706173687366e-03, -2.862950311884772305e-03, -3.976894047787461403e-03, 8.910060392437572918e-04, -1.248116776745352569e-05, -2.828295625763076106e-03, -2.481666953661406782e-03, -2.913040068402109484e-03, 1.932260909091943098e-03, -3.166429674476407569e-03, -7.909735053697811158e-05, -3.774616881385139955e-03, 3.444190292647248200e-03, -5.405675707591825821e-04, -1.289180024744641245e-03, 5.388701844139288932e-04, -9.192779893007953923e-05, 2.042408141586065685e-03, 3.984554926092646540e-03, -3.986810503149460817e-03, -2.093162543528569782e-03, 2.855739592966810569e-03, -1.159887280097686435e-03, 4.512567937597244949e-03, -2.016671148609984390e-03, 4.278389858476498719e-03, 3.213077081941101421e-03, -4.549474037476714840e-03, -4.430068422145819716e-03, -7.290822047931059049e-04, 2.791734130620347580e-03, -4.920323752729216515e-03, 2.916882420612483193e-03,  1.81691683224412e-01
-3.887143572337233184e-03, -1.660199777575126906e-03, 2.901042610637512287e-03, -1.006632471262623903e-03, 2.991113295781503562e-03, 4.959544445387754213e-03, 3.095417660029490745e-03, -3.434878543190708275e-03, 1.352191918210852821e-03, -2.497190974575228938e-03, 3.070264479843726885e-03, 2.052236795187551040e-03, -3.415154373897881946e-03, -5.718405597694804429e-04, -3.841863486011892238e-03, -4.483977894070901617e-03, -2.970337130991543978e-03, -4.470528691821705480e-04, 4.616907619500522017e-03, 1.003354590457106524e-03, 5.059122203880739646e-04, -3.605367660079805865e-03, -2.866116001927859064e-03, -2.719582032112644911e-03, -2.985694724429911132e-03, -1.114129077310580841e-03, -4.768293147359101321e-03, -1.852950279352534504e-03, -6.701264818340310625e-04, -1.273491890770404780e-03, 7.975793429946869892e-04, 1.928659796945455043e-04, -4.583928354862511906e-03, 2.793603564433974791e-03, -4.197372632834698268e-03, -4.994592921822608653e-04, -1.507308950907890362e-03, -2.275698860294196602e-03,  8.48535503328366e-01
2.912786766677622971e-03, 2.145306824449833526e-03, 4.661754615633799739e-03, 4.145323479367333391e-03, -2.617677893163975616e-03, -4.026492155379785866e-03, -4.408400345392107095e-03, 2.744199777143028866e-03, -3.948161023362766961e-03, 2.463099961936564969e-03, 3.169106452376503971e-03, 2.411200091845487441e-03, -2.897347796830874057e-03, -8.208902777416182336e-04, -4.410223015294350429e-03, -1.530421350541512175e-03, 3.431622644587715293e-03, -4.857470716414603873e-03, 1.485799038145208667e-04, -2.930104550849816497e-04, 2.547309540533324035e-03, 1.353659866948884322e-03, 4.096188764024649709e-03, 4.163129428980116842e-03, 7.947986411225337403e-04, -3.161124700884349655e-03, -7.642192445653237312e-04, 3.682037148863137946e-03, 6.789888731817570952e-04, 1.218703357302754892e-03, 8.905332864833437681e-04, 8.019334154719930802e-04, -1.321296270839675355e-03, -2.533130809235405439e-03, 1.187898673664355802e-03, -2.263524603473130239e-03, -3.151478170604005841e-03, -1.586582019772022571e-03,  3.23382258882402e-01
4.454738122541287634e-03, 4.658966682655628702e-03, -3.021071655665048469e-03, -1.523893974954389913e-03, 3.108532141924535280e-04, -3.416534070465336408e-03, 3.449927645036083776e-03, 2.388681088676163772e-03, -9.449189436329628877e-04, -2.576774740338976313e-04, 3.693881519180302470e-03, -2.565500689650054150e-03, -3.036503131733930480e-03, -3.078089940793214165e-03, 4.224639793137252575e-03, 1.067976215386431775e-03, -4.152675087291545289e-03, 9.360996551139493319e-04, 2.519475240697281737e-03, -4.456661800805271703e-03, -4.390181002807560552e-03, 2.520724709757938414e-04, -2.647751847584160247e-03, 2.601783052848881395e-03, 2.717050043563422335e-03, 3.752852775557924403e-03, 3.003249743483279652e-03, 2.282124359293398810e-03, -4.831393137555188393e-03, 1.560626951001590698e-04, 3.381029525009722134e-03, -1.794150556353007932e-03, -4.784650907239192293e-03, -3.088896392532715363e-03, -1.756587017288142264e-03, 3.317103772241571102e-04, -7.327661746430345555e-04, 1.355146280879866022e-03, -2.37668874172566e-01
1.470111870023283092e-03, 2.568207556003725134e-03, -3.199902840606907994e-04, 3.702714873588038025e-03, -2.597387846015427465e-03, -3.392894258337835096e-03, -2.629079178141987150e-03, 2.976000809833238142e-03, 1.136050223161412520e-04, 3.912580225846592000e-03, -3.766651783871823554e-03, -5.697819594577312532e-04, 4.111630683448134690e-03, -2.834838412723769772e-03, -1.753901623962669711e-03, 1.112127005224247331e-03, -1.032754351525120087e-04, 1.226698898743207485e-03, -4.289165566967866050e-03, -2.145042976566091664e-03, 4.342902508926688165e-03, 3.503179970193533513e-03, 4.019838017301340452e-03, 1.615283909441953512e-03, -2.120743279014381498e-03, 8.977754402234782924e-04, 3.059559733264625991e-03, 4.745489673350504131e-03, 7.604240782390922840e-04, 1.914036572697114594e-03, 4.698003055776372311e-04, 3.175138043196449114e-04, -2.619187217288076672e-04, -3.602989793791532957e-03, -7.115752409401600656e-04, 4.308670187587373274e-04, -4.827036866609141046e-03, 1.858961186584585576e-04,  2.51865368264819e-01
2.570162434682997897e-03, -1.137364685815569348e-04, -3.685878401173538037e-03, -4.831047938598096586e-03, 1.294473952374976602e-04, -1.031721170440155246e-03, -2.918696845145899582e-03, -1.848685366861939350e-03, -4.657464457337127418e-03, 1.516652113946127985e-03, 4.904926031375328108e-03, 3.149681108480807332e-03, 2.381265225149083002e-03, -4.923103974700916187e-03, 4.267004198679542892e-03, -2.645705768214399144e-03, 1.946202737290700889e-03, -4.215102762463089278e-03, 3.862962930143256854e-03, 1.051873452957055588e-03, -4.943697837830798164e-03, -4.223096540041052643e-04, 4.984935739341191802e-03, 1.553652484360817931e-03, -2.611726366451166698e-03, -1.551257871447418897e-03, 4.108564322764409263e-03, 3.062929219087663635e-03, -6.947349336791381474e-05, 1.467138484013055105e-04, 2.381385936592013766e-04, -4.345816462625684030e-03, -3.756017202366849356e-03, 2.558760188358661335e-03, -3.191492768894018534e-03, -9.602026761211766848e-04, -4.953681804290076957e-03, 4.216452232639927161e-03, -4.79215905974734e-01
1.017140296208998013e-03, -4.641983568719562463e-03, -9.309157265794398839e-04, 1.047366631818885500e-03, 2.974460208433506517e-03, -4.342859580813113012e-03, 4.381247901716194340e-03, -4.726943125782020159e-03, 1.834526405902269647e-03, -1.300927272809035244e-03, 4.072275661433524471e-03, 4.765155920151767366e-05, -3.113182796770828497e-03, 2.323078245607977654e-03, -3.266020615384264501e-03, 1.720415280378048348e-04, 1.687419294750212850e-04, 4.442561887480517280e-03, 4.864212415828964714e-03, 2.889972740610983332e-03, 4.188652350031990546e-03, -3.303717049548474116e-03, 2.276244827257394715e-03, 2.124514111402982415e-03, 1.261355707141557578e-03, 3.800474192902726644e-03, 4.980734517699796776e-03, -3.977185025111640466e-03, 4.644491800470232357e-03, -5.141951696333805361e-05, -3.929391011778704708e-03, 1.561130415106810020e-03, 9.762661028208706807e-04, 4.820298767232760601e-03, 4.748224277135261462e-03, 3.966386894863227486e-03, -9.831258094160303523e-04, 1.540901536003004904e-03,  4.59619263668517e-01
2.687290056201071739e-03, -3.994481583717218037e-03, 4.318942065941402605e-03, 1.439610629585340480e-03, -3.037988748676703678e-03, 2.447453050330520609e-03, 2.690658966287563271e-03, 8.489902656916258061e-04, 4.876804456346575320e-04, -4.076260155701541890e-03, -3.998988629757853699e-03, -3.419584538260864517e-03, 3.672705650147730858e-04, 4.491504397866014769e-03, 1.905220051284396005e-04, 2.890480360996160875e-03, 1.225154788082725814e-03, 3.378248279918836736e-03, -4.828442506368606398e-03, -2.932871237693998254e-03, 1.883765673350648595e-04, -3.549329805630272068e-03, 2.804017668287863210e-03, -9.416339554725299682e-04, -1.682736353261794163e-03, 2.623253677944718462e-04, -1.660456147197020022e-03, -5.675247719834292451e-04, 9.762995940113799315e-04, 4.039040511858302956e-03, -2.428587998781301435e-03, -7.339882560950927032e-05, 4.631415909608645187e-03, -2.290102178424343899e-03, -1.245408163412823569e-03, 4.737313809160733150e-03, -2.807029055863616198e-03, -2.483696388430356537e-03,  3.93188597193999e-01
8.388155235822258859e-06, -3.809885705504159267e-03, -1.220171734620325871e-03, 1.267213868992415025e-03, 5.514566793416173299e-04, 3.850320890370576704e-03, -3.718106713630317701e-03, -1.477257211462038901e-03, 4.708511164153928591e-03, -4.587561015860022046e-03, 3.511488917795627801e-03, -1.268288867580966931e-03, 3.391468065948609334e-03, 4.135984076092152212e-03, 2.850330170081663908e-03, 4.361487062879539078e-03, -6.040878305346641594e-04, 2.416222803208905624e-03, -2.879236299237216898e-03, -1.144415205399672286e-03, 8.189162898160932610e-04, 4.191388223420989059e-03, 4.423824471120812313e-03, 2.834411959009623672e-03, -4.404200209828392984e-03, 3.251629004845957641e-03, 9.169548405716021131e-04, -4.908115454158428100e-03, 4.442307669646101964e-03, -4.583185532383292869e-03, -2.883275278086195811e-03, 2.134829847980299240e-03, -3.494987619844927736e-03, 1.448068592863417485e-03, 8.233040199466705802e-04, -3.605930204193703859e-04, 2.488906174869800862e-03, -2.457721795667926461e-03,  3.75304579272240e-01
1.294782987766281493e-03, 1.008789966921963023e-03, 3.658061275882596927e-03, -4.659244744214272559e-03, 1.674643107673219264e-03, -1.162441095327442289e-03, -3.592957039148525489e-04, -3.925713145089612145e-03, 3.539833157374043526e-03, -4.885956087881308460e-03, 1.334850622223362517e-03, -8.738079669366131258e-04, 4.439204553072159665e-04, -3.838480839419023023e-03, 3.743478454436982572e-03, 2.413859569804714666e-03, -1.264909501429827172e-03, 4.919674082937889811e-03, -1.751234588260779015e-03, -2.826728233756346451e-03, 1.332092636072867986e-03, 2.833602212457186562e-03, 2.516817279399695406e-03, 9.988258271997766183e-04, -3.427853605404859293e-03, -8.573416877665504879e-04, -4.198312761706570265e-03, 3.075679018196136871e-03, 3.880409589914222968e-03, 4.103798599240661080e-03, 1.925216603217152003e-03, -4.272158480551794396e-03, -2.477224900571867172e-03, -3.854336145098976978e-03, -4.138781127832866051e-03, 3.722010715656452057e-03, 3.413519455365351604e-03, 2.065075169769176565e-03, -1.42326081922891e-01
-1.613284284142446970e-04, 4.635199073969543601e-04, 4.781811609652015030e-03, -4.110170545201524347e-03, 3.132813309435078172e-03, -3.723963521790063687e-03, -7.877885638545370495e-05, 4.489697121714958383e-03, -4.928496027352932511e-03, -4.939325061656825097e-03, 4.179872117452996388e-03, -1.462424780400428670e-05, 3.856244830805233628e-03, 1.250653046066078043e-03, 3.947492995554585313e-03, 6.623885857271081742e-04, -1.904452813336381372e-03, 1.574427527535567951e-03, 3.573922998961868297e-03, 3.286503073566197919e-03, -1.378048976988983845e-03, -3.402621907088938021e-03, -2.877730176220779507e-03, 3.876076679831478439e-04, -4.790735001421186912e-03, -3.388153516392043360e-03, 4.643969832144972248e-03, 2.564119059261769223e-03, 2.348654542584743127e-03, -4.631814117271827388e-03, 3.503584506163405152e-03, -1.276135712309184149e-03, -3.548749919923007909e-03, -4.212710407768705673e-03, -4.628057780141493598e-03, -3.799893737882268675e-03, 1.092217643688159559e-03, 3.379473285462335219e-03, -3.98016512656921e-02
2.824887749013514290e-03, 3.243428768560686903e-03, 2.990977808608500169e-03, 4.644353777005626877e-03, -2.379365095914845549e-03, 1.355225279112620869e-03, 2.844092253984244548e-03, 4.331864929193237485e-04, 4.879316901356215222e-03, -4.642740985710694726e-03, -3.064641233539769881e-03, 3.919690682128093573e-04, -4.736026458376527658e-03, -3.217603212376513380e-03, 4.764315545526401699e-04, 4.378130918978961547e-03, 2.509781527250949489e-03, -1.968870380636934467e-03, 2.067199219451399360e-03, 9.934376220586092765e-04, 2.251143109515875255e-03, 3.221718623242353710e-03, 2.649647157616859434e-03, -3.704019218887504711e-04, 2.657251562562538451e-03, 4.520530262281040670e-03, 4.067443145194070755e-03, -3.052573274311378999e-03, -4.290823581111697857e-03, 2.638705564727461712e-03, -5.716880789143089989e-04, -4.381024031372846017e-03, 2.146188536063908803e-03, 3.307718857080648930e-03, -8.854119505010875704e-04, 2.568596218811787513e-03, -7.532916002732309782e-04, 4.923277947280988234e-03, -1.67611637147596e-01
1.772590716575731147e-03, 8.659733140734841503e-04, -4.711422907029177293e-03, 6.271668362122515342e-04, -1.912145757395236016e-03, 3.601327483665659260e-03, 6.319484635023400396e-04, 1.265048545896857619e-03, 1.664842772165329651e-03, -3.193100566478893239e-03, 2.002444040433872322e-03, 1.797905565937328934e-03, 1.573529782469442265e-03, 2.964248545701176143e-03, 2.695231592461265133e-04, -4.917868814646930362e-04, 3.725162950049983740e-03, -4.739376399069263751e-03, -3.630045187176834942e-04, 3.881713218943899646e-03, -2.124355227252272202e-04, -4.710409343847208989e-03, -3.082902733675381077e-03, 4.188761051022733828e-03, -1.496734558885852093e-03, 1.531623556598428124e-04, 5.766618240115361019e-04, -4.485799215918658336e-03, 2.434559588514067542e-03, 4.247135110503666086e-03, -9.426174730112540576e-04, -4.905692483303985933e-03, -6.158510722126071465e-04, -5.149939865935612357e-04, -2.599731392978486648e-03, 4.110897770918532645e-03, 1.956286706418069662e-03, -3.988594770933362975e-03,  2.68032035282216e-01
-1.177764265516138137e-03, 1.433204734136665076e-04, 4.990174598253380861e-03, 3.354841524074380146e-03, -3.195661172910122666e-04, 1.442419997910904424e-03, -2.652610403137959337e-03, 1.176116918272359681e-03, -4.031609317579341531e-03, -2.999331970638587346e-03, 3.652576158905405587e-03, 1.268636550805321561e-03, 2.908155762052302279e-03, -2.724381378841415815e-03, 4.781644519520211398e-03, 1.894505318362213649e-03, -2.246209263661768079e-03, -6.513161035227353970e-04, 2.720456804595284064e-03, 3.802568563311526859e-03, -3.384305766262621709e-04, -4.494257576178835312e-03, -1.066435080206886397e-03, -9.760065311656320602e-05, 4.472522404905232216e-03, 1.459485370658196793e-04, 3.850356540553021706e-03, -3.686166046427707000e-03, 4.819951105612499051e-03, 3.186571112992527682e-03, 4.214341206598425787e-03, 2.510573947335672899e-03, -3.041837048939663880e-03, -2.413896514696159401e-04, 4.008549214554362264e-04, -1.700990038508700883e-03, 4.101422321767940818e-03, -4.283055125514773943e-03, -4.70745929757874e-01
1.696871895792565962e-03, 2.477310492927307407e-03, -1.608809037748742607e-03, 2.658294591875430025e-03, -1.238499886467806389e-03, 2.840930938806619441e-04, -1.571388057727517162e-04, -3.402929893270265765e-03, -2.388983436400489435e-03, 4.421249571416731999e-03, -1.132718223821629205e-03, -1.000102340667509068e-03, 4.089094820636860264e-03, -1.947756952405990585e-03, -4.049456059032446355e-03, -3.016327321907112582e-03, 4.936432325786195910e-03, -2.401668256283374762e-03, 3.688110566303342414e-03, -3.176174317368972173e-03, 6.071790933031622969e-04, -1.110790609206348950e-04, 2.977788525398898309e-03, 4.524970690838910070e-03, 4.021704285064490320e-03, -3.056948460085523803e-03, -3.037924890567968769e-03, -4.390265006859687263e-04, -7.416815627350314272e-04, -2.852345921716973199e-03, 2.043626912326155370e-03, -3.749646951020163370e-03, -9.284861093302697321e-04, 2.928661286078623402e-03, 4.191468942685499383e-03, -2.036848567980358883e-03, -5.367352977143392823e-05, 3.903881794651798895e-04, -1.12025965477937e-01
-4.241229266145528365e-03, -6.453142030566922510e-05, 5.051358470754482854e-05, 3.906747333487484500e-03, 2.896192713147125244e-03, -9.943390676106526535e-04, -3.982474771808144909e-03, 3.451184083428893504e-03, -1.159707442643085219e-03, 3.874919907190630883e-03, 4.720037519484989591e-03, -3.601444231991106533e-03, -1.022294363303932925e-03, 4.900913827459933703e-03, 4.130099206667646461e-03, 9.596889313181755643e-04, -1.472423429817858870e-03, 6.884551433023571032e-04, 4.264177688719787002e-03, -4.355691185740556692e-03, -4.352776416122126381e-03, -1.953860979168725240e-03, -2.938953533837370801e-03, -2.977368907966208931e-03, 9.107029542377107628e-04, -1.620929450595689787e-03, -2.318568238953191453e-03, -2.236096265557236708e-03, -1.092205393505296662e-04, -3.213990718508331727e-03, 3.624789101130300104e-03, 4.027337421850945426e-03, -2.534902899539170917e-03, -2.250932541712620701e-03, 2.513852284612204911e-03, -3.976080094130996292e-03, -1.711327677853625995e-03, -3.241680493811629864e-03,  6.47640711055767e-01
-4.770025940219107217e-03, 6.681348681197556844e-04, -2.676900986445975971e-03, -4.955221167673076049e-04, 3.334711096403729369e-03, -1.927147581120219801e-03, -2.966115586334803263e-03, 4.363150712675198037e-03, 1.243001077466720193e-03, -1.479776752751296113e-03, -5.465507200414082556e-04, -4.903274499950028426e-03, 5.769098371608280887e-04, -2.686439872290983903e-03, 3.480156548690827023e-03, 2.856026569007281621e-03, -2.836112320607408251e-03, 3.148351475052497961e-03, -2.143881083124525317e-03, -2.288232370520451846e-03, 2.672411177885173142e-03, -3.524631301178102281e-03, 7.398563207048139412e-04, 2.391937727293931906e-03, -1.332031864648566735e-03, -3.433878315343304004e-03, -4.022044918280201671e-03, -5.966194259273060671e-04, -2.667622648459524060e-03, -2.812514218427630483e-03, -4.645252298158793550e-04, 1.456482216798171692e-03, 4.486144031242915442e-03, 1.885948677761955204e-03, 1.509199529051833723e-03, 1.536423304912786295e-03, 8.561408577740202419e-04, 7.084494440794987524e-04,  4.49540961067392e-02
-4.611918359371082812e-03, 6.058758748304048092e-05, 1.179109206211306077e-03, -6.781653165907003747e-04, -2.472622469624216959e-04, -1.634746197958024394e-03, 3.907157928726069651e-03, -1.209120524261788222e-03, -4.374350997424342712e-03, -9.616071080511892633e-04, 3.977307389816631469e-03, 1.454168255939426377e-03, 4.593572857788772931e-03, -1.893130807384958616e-03, -2.110974561199475182e-03, 1.935863560364030692e-03, 4.951436995934178908e-03, -3.344139212431787751e-03, 6.150141730996913636e-04, -3.582600635380931483e-03, 4.703364969692248182e-03, -1.334300021697781662e-03, -8.725133647333625439e-04, 1.012438433423102149e-03, -4.389092105368350150e-03, -4.788549345339769385e-03, 3.579252669049605429e-03, 2.692024192375565457e-03, 8.501905491949150392e-04, -4.714033539183708384e-03, -3.065284188723646670e-03, -4.432684203271784057e-03, -1.505395893050104437e-03, 4.600891295675505963e-03, -4.873516410465953373e-03, -4.052525377523296009e-03, -4.372288799348358554e-03, 1.284331817817927629e-03, -5.56348852224191e-01
-4.821689239893752962e-04, 2.663953112885271597e-03, -8.525621247182889328e-05, 2.846612551577606606e-03, 3.899993415529856219e-03, 4.363989694825773716e-03, 1.028489271905775292e-03, -3.636351884316107660e-04, -4.573167834945505474e-03, 1.710705892636846248e-03, 3.203748897631487555e-03, -3.625609641468061518e-03, 3.049372664045741851e-03, 4.375126779710017053e-03, 8.125262675163702139e-04, -1.648086385104795271e-04, 1.493353276107647377e-03, 4.543515196711814946e-03, -2.862020071352004875e-03, -2.669612024878430072e-03, -1.861353451958674965e-03, 1.713259289871600644e-03, 2.267741518674955617e-03, -2.562859666432153183e-03, -3.921436321679659838e-03, 2.324623409968867502e-03, -4.956537780224087170e-03, 9.084991164288423737e-04, 3.983713117106033041e-04, 4.593191942361882912e-03, 4.301970700315842222e-03, 2.744935577230749740e-04, 7.430676502593611468e-04, -4.519079963587200113e-03, 1.368386980567600289e-03, 4.319065017608427273e-03, 4.083783626531499109e-03, -1.684737451910089598e-03,  4.52354391973866e-01
4.520735079053147393e-03, -4.441266464369737245e-03, -4.637505679381096618e-03, -1.155868876338084564e-03, -4.308977069479519653e-03, 4.282785066286076345e-03, 1.909204179830869229e-03, 2.806751772924370031e-03, -2.408855165218911579e-03, 6.632884810052162849e-04, -1.737315581691117276e-03, 3.596370322902671390e-03, 2.732632980176332924e-03, 2.606758297706146012e-03, -4.708294412578674371e-03, 3.785936319589296162e-03, -2.728932390272812217e-03, 2.840593253953967862e-03, -8.144683367441772973e-04, -3.268267461948954396e-03, 1.039872102701444416e-03, 3.133682969937030480e-03, -2.396614389598443820e-03, -5.177067017968365117e-04, -2.899078695742228397e-03, -1.097959207704383988e-04, -2.708476173600931833e-03, -2.132860924738700422e-03, -4.650426183626620025e-04, -4.173191728862931521e-05, -1.384327487754806896e-03, 2.644432860859117877e-03, 1.440684949503440518e-03, 1.454085077925322371e-03, -1.080648506559416834e-03, -2.556113321838734530e-03, 3.309808947712990571e-03, 2.354876247161159265e-03,  7.97080103608190e-02
-2.992727999477585478e-03, 1.836509154663408874e-03, -4.550548277442500143e-03, 2.482248450257469596e-03, -3.157487627063566490e-03, 2.634658506830356121e-03, 1.848055980056843330e-03, -1.581782639312692088e-03, -2.653246704897851190e-03, -1.411139547000905131e-03, -3.185406919580564041e-03, -3.454733401556528243e-03, 2.097247463170695374e-03, -2.198835615762689214e-03, 2.507032367922717650e-03, 3.946279987228152111e-04, 4.605136137091896120e-03, -3.797356837439482338e-03, 9.170230882822334034e-05, 9.058678199735251471e-04, 2.866852964361621403e-04, 1.633503897306797133e-03, 1.114136778870389137e-03, -2.884432237541956299e-03, 4.080536581797874693e-03, -2.162811603045916315e-03, -5.329719449917291046e-04, 4.160733487391307661e-03, 2.073397868091785348e-03, 3.566809235729630906e-03, 3.326514278694896187e-03, -3.455623428862223193e-03, 4.127112064661294169e-03, -4.765841928613089029e-06, -4.167456942128085554e-03, -8.818811055320667502e-05, 3.342893825676884062e-03, -1.082378431994321551e-03, -5.32050913351233e-01
-1.954477354247381032e-04, 2.978593659756103781e-03, -2.657331805379993788e-03, -6.057156868741631756e-05, -2.848892924046612235e-04, 1.187226653138088311e-03, -1.958647136921826300e-03, -3.281182422595482588e-03, -1.893206905874618949e-03, -4.171402384734014882e-03, -4.330402794336624811e-03, 4.256316054791165968e-04, 2.058987076267353514e-04, 4.454494786091167668e-03, -8.653220551157808291e-04, -4.139274696427239740e-03, -4.238419796922514304e-03, 2.022962973292608511e-03, -4.201291393059792406e-03, -8.571678985027850195e-04, 1.208656844518060311e-03, -1.648495243258777526e-04, 1.091778180795968320e-03, -6.024371107345464701e-04, 4.158257116943855913e-03, -1.968133233782102566e-03, -4.656647052176179913e-06, -4.341951238265460457e-03, -3.991846564191024044e-03, -9.758942255690770257e-04, -4.355448943266997976e-03, 4.683414983473336082e-03, 1.001843328086743194e-03, 2.968973623078205101e-03, 3.116989990160677973e-04, -1.504744295470534024e-03, 3.816015356842858072e-03, -3.878583774487432204e-03,  3.88891472475512e-01
-1.333101486545809882e-03, -3.667446699712185315e-03, -2.589118342433521704e-03, -4.416754191234236078e-03, -3.478743656594221554e-03, 3.343564493402478854e-03, -4.444837560423331967e-03, 2.164213278563675499e-04, 3.577941261515707808e-04, 4.914461023871979223e-03, -8.453504330280057349e-04, 3.105313063990595979e-03, -2.307882119973767281e-03, -4.720374636592254008e-03, 4.013657120869451936e-03, 2.234859786490146077e-03, 1.954789843651873367e-03, 3.693230364551396486e-03, -1.526306367550936145e-03, 2.578713800758690097e-03, 1.733947091752128036e-04, -4.419981864105110292e-03, 8.832406982267615447e-04, -3.466367833793221678e-03, -4.525526059130353593e-03, 3.509218614720706342e-03, 4.455773585424491548e-03, -3.286727958614594092e-03, 2.394991338749127667e-03, 3.313829959182541460e-03, 1.864144156806883321e-03, 2.944077105281739729e-03, 3.340438053744199456e-03, 2.911424537439182697e-03, -3.704850186927918440e-03, -3.717687745375823031e-03, -4.386961974932896552e-04, -4.230179340844078366e-03, -2.58269989038713e-01
-2.282828342122493297e-03, -1.356697699848506862e-03, 4.826989070026111925e-04, -4.090542300061177257e-03, 7.318411066590179911e-04, -2.458672549362940843e-03, -2.259480220000733251e-03, 2.501582582092910789e-03, -2.341428915455987057e-03, -2.797570599480896873e-03, -4.144165747080717603e-03, 3.426481290899750787e-03, 8.396600530199251414e-04, -4.110902074136498635e-04, -2.351172040332765670e-03, -2.495593761194046106e-05, 1.435952959951618951e-03, -2.714451099954489233e-03, 1.403935065693927980e-03, 6.856008242709481226e-04, 4.382823625115533223e-03, -2.204352803848667886e-03, -4.438819411433144596e-03, 9.944676124589487548e-05, 4.694356814914977735e-03, 2.982466925312060937e-03, 8.735787905828394997e-04, 2.308693533485429994e-03, -2.616919453317020309e-03, 4.186207911142781832e-03, 4.290013281033700290e-04, 4.411663797430869297e-03, -8.528118459925054101e-04, -3.543048452694948832e-03, 2.342504297923500567e-03, 3.819461184740991291e-03, -1.108891298644266738e-03, 1.821627855006194459e-03,  1.59797536324840e-01
7.250772745265501168e-04, -1.095998298870819523e-03, -2.169358075228926958e-03, -1.260274633113700818e-03, -2.159610544985258486e-03, 2.929211151471386790e-03, -4.998500868231247653e-03, 1.064813840265757539e-03, 1.576680064876730299e-03, -3.812755046628034904e-03, 2.849669034407390986e-03, 4.622839473378489300e-03, 4.073048795122824473e-03, 1.757753199283485467e-03, 2.963972018103857436e-03, -1.318190111009512246e-03, -4.287478429229532075e-03, -4.906058458898721573e-03, -2.456318481857271401e-03, -6.152816495983851400e-04, 4.609197354274117628e-03, -2.009762622515436775e-05, 3.429391178937084284e-03, 3.141790371836462870e-06, -3.318577433288468978e-04, -4.029749853737855589e-04, 2.201808191592282381e-03, 4.123452125856363198e-03, 4.227869409876485601e-03, 6.551822157380019288e-04, -3.331658960125528923e-03, 2.547983417476504080e-03, -2.103300759714228814e-03, -4.359902875067815653e-03, 1.042282787361795832e-04, -4.347864114735933323e-03, -4.299731899039046547e-03, 3.880121718191437141e-03,  3.30573245995638e-01
3.714418460270679789e-03, -7.773312427926705459e-04, -1.889096855033310044e-03, 5.628185929542842830e-04, 2.519028217668976138e-04, 3.199597431887236249e-03, 2.201184658583386737e-03, -8.273087139062610534e-04, -2.529678839444401191e-03, 2.966078501304493173e-03, 3.252556744448265383e-03, 3.462941870204889680e-03, 1.216555285126002910e-03, 3.938070553119456599e-03, 3.270044022465655800e-03, -3.656239852006232423e-03, 7.122882320863554995e-04, -4.242070379195470725e-04, -7.354107908005011809e-04, 2.915097795055075769e-06, -2.025421216623243120e-03, -3.776250622878009680e-03, 1.878405799259855874e-04, 2.312632947303781654e-03, -2.560286045697870560e-03, 1.635414111382444899e-03, -1.815297490033410555e-03, -2.812061387569097723e-03, 5.109708831179020708e-04, 4.076609434638249138e-03, 2.802034292838362188e-03, -1.040848565681271390e-03, -5.855143935929773072e-04, 8.371803288683785788e-04, 3.589425098729405114e-03, 4.251981493995422856e-03, 4.733555221881622851e-03, 3.060316263835015024e-03, -1.83414251160805e-01
1.078296307834708534e-03, 1.663224424872197793e-03, 2.442597602637595552e-03, 3.792853663119750626e-03, -2.012418310672587675e-03, 1.044351463570005953e-03, 3.574052014266877048e-05, -4.017736480710675309e-03, -1.599999121561662598e-03, -3.947676763718819745e-04, -1.961954274583174035e-03, 4.894179533945908558e-03, 4.819095844435678302e-03, -2.415591617773335878e-03, -4.211336582453338584e-04, -4.762587433538572647e-03, 3.299702318057170722e-03, 1.285507498542462490e-04, 1.083713586123273218e-03, -2.959108008538290525e-03, 3.604629974862758046e-03, -1.766550587787456272e-03, -4.760986158309681374e-04, -1.659385903412451384e-03, -2.025085217013634312e-03, 1.499424411896312266e-03, -1.561158484741790101e-04, -1.896446041510962618e-03, 2.947714519289589344e-03, -4.538139248088835995e-03, 4.948154431438679668e-04, -4.111985689853138448e-03, -4.876406854576894288e-03, -4.666883362532468597e-03, -2.221678492642017826e-03, 2.163104761650569766e-04, -1.196036208421621255e-03, 2.591142769435642208e-03, -3.12127044193095e-01
9.914190829856481951e-04, 2.530521779452137368e-03, 1.367572918060606761e-03, 4.821201321237355078e-03, 3.256931038003079218e-03, -1.120009982810127053e-03, -2.525564848510552293e-03, 2.590992531654209667e-03, 3.108309277591045708e-04, -4.976419082326113963e-03, -1.938455378007452982e-03, -1.151145822819756893e-03, -3.329147829962113975e-04, 3.620290203595954298e-03, -3.571796916222248590e-03, 2.624572364100839252e-03, 1.018615556133024673e-03, -5.315687428998133388e-04, -5.942622995114346662e-04, -3.428427229251698304e-03, 4.822859073191977305e-03, 1.037952488542139007e-03, 2.572417544599159625e-03, -4.429698519699983711e-03, 6.245620484846385601e-04, -2.907729283319379198e-03, 5.535729395710750275e-04, -1.360185012878109469e-03, 4.345326157278124601e-03, 4.006843328975367297e-03, -2.712521417562193012e-03, 1.926826623085871500e-03, 4.919071262204919789e-03, 4.778916951255414089e-03, -1.187880802312513400e-03, -2.444898933650231383e-03, 4.211412421413337701e-03, -2.028641197767772943e-03,  4.36096741463778e-01
-3.933517044546711028e-03, -4.984556621941686749e-03, 1.249755523230093764e-03, -3.107665968324873317e-03, 2.346866485778116053e-03, 1.514532861334773328e-04, 2.342574337004682018e-03, 9.543129532645269059e-04, 1.429265184720337860e-03, -2.472175686483667287e-03, -7.610045094655782522e-04, 1.994677240658942682e-03, 1.912827359853527809e-03, -4.463621885625171370e-03, 4.849179270983326392e-03, -4.824682865531284941e-03, -3.175248752579364585e-03, 1.183247862212041465e-03, 3.327937567537079394e-04, 3.526711498804353806e-03, -2.152146107691690381e-03, -2.591456970493677403e-03, -3.640014194726457191e-03, 4.885196253610134265e-03, -3.513192428166190921e-03, -8.241815014283860111e-04, 1.243618346542563029e-03, -3.423980574403760746e-04, 2.453416877529857737e-03, -4.047117884824896761e-04, -1.031468090061393034e-03, 3.590014670681956899e-03, -3.582625468578435474e-04, 3.761367446486101399e-03, 3.858150825071389109e-03, -3.313616492373428184e-03, -1.616890657793668661e-03, 2.635088373441006257e-03, -2.38398329799158e-01
3.043308978612760049e-03, 3.465246634731347294e-03, 4.943657534857403765e-03, 6.740800824108113265e-05, -3.454166474523948181e-03, 1.074873098487321224e-03, 8.485986954138461866e-04, -2.346861290160197084e-03, 3.986299526421700073e-03, 2.556466706500757496e-03, -3.096778127698885004e-03, -8.147679936291746944e-04, -2.263369340782140672e-03, 2.700869939640136372e-04, -3.425161433873597124e-03, -4.649404879668977628e-03, 4.123287283927820276e-03, 4.939714811977401546e-03, -9.589577807760521835e-04, 1.836662198108639926e-03, -2.414387042714878119e-03, 4.257701758055008542e-03, -2.815578943153514493e-03, -2.029620248065767355e-03, -4.258239645507223663e-03, 4.633388328251766483e-04, 4.587334187466065444e-03, 3.955012861838001076e-04, 2.908502247927526041e-04, -4.401322660834550322e-03, -2.595563681517225416e-03, -1.888255104065967790e-03, 3.320917243463641227e-03, -4.475436229188246677e-03, -2.317336026571201104e-03, 1.635609520714691525e-03, 2.883166184407181740e-04, 1.476777948667499889e-03,  4.58091405210211e-01
-2.100294137894832217e-03, -2.252151025428816150e-03, -3.650363717465997422e-03, 1.548550050988507787e-03, -2.937500445966889726e-03, -2.081320010871399485e-03, 9.808858440725244654e-04, -4.672762634177849567e-03, -2.249423276343522245e-03, 1.261469137308833012e-03, 3.424586103124991482e-03, 4.237836393737783730e-03, -1.438169262897348848e-03, 3.898062183720815352e-03, 1.213306902591180549e-03, 1.256152987872116537e-03, -3.652109237828205218e-03, 1.031757729856516703e-03, 2.522188610036366768e-04, -4.480945461641651188e-03, 2.143557439943266640e-03, -4.190546723244438151e-03, -4.060003455973982059e-03, 8.786076270592326626e-04, 1.384746544101901622e-03, 4.931603232876070539e-04, 2.944509363488475098e-03, -1.108586029082850657e-04, 4.236253910134980122e-04, -1.950336358317773452e-03, -1.765723081914815501e-03, -3.942239361839679039e-03, -1.879453530580131593e-03, -2.669273731943343827e-03, -1.793772792764281206e-03, -4.641147759642649112e-05, -7.920362662446594343e-04, -3.644916687279014730e-03,  1.73526872292281e-01
-4.648539184345777502e-03, -2.808304030843419580e-03, -1.681912616189953913e-04, 4.892167984400157960e-03, 2.523032471424672442e-03, -3.857411392575599025e-03, 1.555055399369632482e-03, -1.377105531365692762e-03, -3.913507594175072088e-03, -1.761107071914852149e-04, -8.031744128361838903e-04, -2.679992355394648137e-03, 1.871229526376756713e-03, -4.043903559404683767e-03, -1.630158921938693398e-03, 6.359927285826032575e-04, 1.656502776611020085e-03, 4.974125962631329931e-03, 1.933836975739358643e-03, 2.734396805216047534e-03, 2.115066998979397116e-03, -1.832816284860677714e-03, -1.793499965452613736e-03, 4.399122302428268294e-03, 3.377865597406107950e-03, 9.639852551896511967e-04, -4.088023192388779044e-03, 1.045275313038081591e-03, -4.017791799686558016e-03, -4.190494335190779983e-03, 2.419333382966702695e-03, 5.327066491930421838e-04, -9.828568468332752120e-04, 3.851026506816733128e-03, 1.273516618098003914e-03, 3.197368344210079621e-03, 1.106189589187960183e-03, -3.222928905158127608e-03,  1.15623644403144e-01
-7.592394881183383779e-04, 3.883636028234997012e-03, 1.669122010532104149e-03, 4.211575580900154755e-03, 1.985365928069398461e-03, 1.461601876352384630e-03, 1.114617357739580185e-03, 2.275253511944332063e-03, -1.489491344826562608e-03, 4.233447862478333101e-03, -6.139563459437316975e-04, -1.972490334311613903e-03, 1.634853920260726477e-03, 2.986589443375563258e-04, -3.879409909338759135e-03, 6.779724794612352473e-04, 3.986107177185794700e-03, 4.671333521568437480e-03, -8.264425998633865428e-04, 3.209952572501631463e-04, -1.135097397995944637e-03, -3.106326679681302959e-03, 3.929192077840142072e-03, -3.674112556349553010e-03, -2.046199575036150922e-04, 1.086878322440515583e-03, -4.148443085291737137e-03, 3.519282830213885799e-03, 2.302448469797473835e-03, 3.730222073959532994e-03, 1.313755107349326261e-03, -3.176890593465564808e-03, 2.776917836287704291e-04, -3.782042001975873240e-03, 1.457991445720507005e-03, 4.917201710117028932e-03, -4.308682297715151453e-03, -2.113205599064594317e-03, -2.18879746788393e-01
-1.224565418984783442e-03, -3.758724518524898545e-03, 1.315040345756007117e-03, -3.986779834343982115e-03, -4.571124708531817613e-03, -2.752418430515574544e-03, -4.676103708411353047e-03, 1.385952675791675415e-03, -2.075805678870483711e-03, -1.724951724261063624e-03, -4.463099286490947171e-03, -1.460467908148650046e-03, 4.024122132312095076e-03, -3.566405549442435482e-03, -2.566994994994276167e-03, 6.894369109788998223e-05, -4.454921952274289512e-03, 6.643592610634440829e-04, -3.844991347654974113e-03, -2.882749873951317120e-03, -4.521595330437563377e-03, -2.464462234999849170e-03, 1.493295665919784111e-03, -6.359413268202255068e-04, -2.198342549737484098e-03, -4.035161351044994939e-03, 1.558680680676430806e-03, 1.084814552395569308e-03, 3.386276023921235348e-03, -2.303406918265687910e-03, 4.621750342429264621e-03, 3.266062787764105815e-03, 1.908035461577643060e-03, 4.882619259245823962e-03, -3.060682613793538030e-03, 9.575648504018532611e-04, -2.549303272524030845e-03, -6.718174328273233617e-04, -2.84703528287182e-01
4.920435833145818741e-03, 1.168963421674122129e-03, 1.777056050304122795e-04, -3.838277178821222334e-03, 4.218929176365553840e-05, -3.405182280556348640e-05, -1.392315150954126675e-03, 4.914318084592781549e-03, -1.010784779564431919e-03, -4.786585474070203551e-03, 2.653872384202506443e-03, -6.942407734140242787e-04, -8.871741753503506814e-04, 3.714760332981594665e-03, -4.246855371261593418e-03, 2.811591796677260190e-03, 4.128865873722718099e-03, 1.586379643496419085e-03, -4.873623219388573818e-04, -1.926081454284145084e-03, -4.009976729393701853e-04, -4.308988333502770246e-03, -3.888427244309993099e-03, -1.899748000253899480e-03, 1.090077329256929940e-03, 3.419932485692630739e-03, -4.920351945116321034e-03, -2.613109874392793158e-03, -3.947743815082653367e-03, 3.543032228326713218e-03, 1.950645208618236384e-03, 3.623735255645941372e-03, -3.114240870606038540e-03, -2.803630463911869087e-03, 4.609583898656507278e-03, 8.178134192540556513e-04, -4.179436911909533044e-03, 3.953001790619947373e-03,  1.74788037257603e-01
4.383892188580408578e-03, 2.076042254953793485e-03, -4.947984699994929965e-03, 4.568337071035048075e-03, 1.693840553753393242e-03, 1.160505864511912621e-03, -1.735605904821622015e-03, 8.600149298017556454e-04, -3.209398256311091734e-03, 1.820237718594299239e-03, 1.670352846077010484e-03, 1.954745795443670921e-03, -5.129436818267010811e-04, -3.026882936723064403e-03, 2.557707240575858056e-03, -5.679900712252383688e-04, -2.616180608266236492e-03, -4.473153047975419322e-03, -1.271540785325468541e-03, 2.830128836032303613e-03, -1.528482867347158783e-03, 2.768799568197474921e-03, -3.725660003136468945e-03, 4.403883267007802083e-03, 2.755922570059710433e-04, -4.280217115022181239e-03, -1.497920045584464829e-03, 3.230168413636646044e-03, 1.579920455877237284e-04, 4.962460377787794238e-03, 1.210766272363786311e-03, 1.152402444293472092e-03, 4.860680176238909786e-03, 4.579171507003597028e-03, 1.025723203204579118e-03, -2.856623999812774213e-03, 1.083410761468931241e-04, -5.192508532141518543e-04, -2.15134233975397e-02
4.584980638697992716e-03, 4.944974961999526464e-03, 3.017696480967699962e-03, -3.761409434829611834e-03, 5.125517847419779754e-04, -4.173914123592374972e-03, 3.270541113455042309e-03, 2.353293973605030155e-03, -2.925175109357323888e-03, 7.258553901234058789e-04, -3.053521509719624161e-04, 4.870596004418100908e-03, 1.495178752533616803e-03, -3.665960892142425698e-03, 5.322158467475392174e-05, 1.508165321591123202e-03, -3.122570119756716556e-03, 1.004388444110143781e-03, -2.310679628557506769e-03, 3.602934371827969801e-03, 3.987902520702990908e-03, 4.333278915285870836e-03, -3.865509235436820692e-03, -7.134989718002929249e-04, 4.357776948044480431e-03, -4.219809232420736883e-03, -4.232216470947067384e-03, 2.954766327857615352e-03, -4.621079293331421811e-03, -3.316772934580026599e-03, -4.960041724388077403e-03, 3.806626024442110248e-03, -2.205664817073913278e-03, 7.256308990014285337e-04, 1.781608395510720158e-03, -3.408554053959159027e-03, 4.490407997441806312e-03, 1.513264961782641652e-03,  2.59777180061555e-01
-3.159657463499519325e-03, -2.209006195913650657e-03, -3.555049381644285415e-03, -3.735082030496775490e-03, -2.799656124654515202e-03, -3.802789269303860024e-03, 3.202076547617687188e-03, 2.126570398921547207e-03, -1.721598670327669639e-03, -3.361169130123544974e-03, -1.337129888135182854e-05, 1.294411818474484020e-03, -2.089041309817965368e-03, -7.717478808841665358e-04, 2.677218038209742967e-03, 2.633205847220201554e-03, -3.649761076805011634e-04, -1.527081120061247414e-03, -2.908546729842467413e-03, 4.479164352621757203e-04, -3.410033398886435849e-03, -2.635610736935179582e-03, 4.711090862561839038e-03, 3.191009118386267662e-03, -1.195544990953904645e-03, 2.544424303417854201e-03, 3.545833280265758489e-03, 7.882480349064996394e-04, 3.731626783881572540e-03, -4.141368214847637383e-03, -2.530629211079691437e-03, -3.268739140085254267e-03, -4.563044371511753260e-03, 3.419285852446529370e-03, 2.241097487350358040e-03, 4.415717113248568068e-03, 7.808365103025632567e-04, -4.526449015941737611e-03, -7.62000362715337e-02
3.982928079331720175e-03, -4.170529630486160752e-03, 2.569698512340886330e-03, -2.619568933409509911e-03, 4.275277936901175635e-04, -2.584610421366869987e-03, 2.046136338016633395e-03, 3.605617117095843635e-03, 3.853647874476350682e-03, -5.933307546884614495e-04, 1.152354653139286110e-03, 2.264879290800951919e-03, 4.376128079519753591e-03, 2.723976003826469004e-03, -7.581491635083748709e-04, -2.941196743961686181e-03, 5.991298756913348775e-04, -3.436341564980375293e-03, -3.463847751446595853e-03, -1.268405404030678932e-03, 4.200089719968325142e-03, -2.745628839969196152e-03, 1.974033806369734911e-03, -4.732282265480071068e-03, -3.887006484692332852e-03, 4.932663616511618124e-03, -3.439070335534387401e-04, 2.433324147845953092e-03, 1.412024784020247600e-03, -3.341254138620479344e-03, -4.858348258542600703e-03, 1.628846626524234169e-03, -3.872239265390190269e-03, -3.931046110390000632e-03, 2.891858394483215813e-04, 2.208821667113065879e-03, 4.026625632919982739e-03, -3.033289748242804732e-03,  4.27786926202375e-01
3.481509430881910699e-03, 3.357796554210862663e-03, -1.981706004102289868e-03, -1.339154828664996383e-03, 1.432858055726850613e-03, -2.314197982952457319e-03, -2.430350467362969464e-03, -6.304621070241812203e-04, 3.988533915275874892e-04, 2.071081561757539581e-03, -2.722161142934966232e-03, -4.051588021691843698e-03, 2.589455429438462276e-03, 3.216661869536950255e-03, -3.380688488842202577e-05, 3.089174241985277389e-03, -3.019730425266058896e-03, 3.061932888627244553e-03, -1.659437254765636256e-03, -4.671251323699966533e-03, 3.680523068328833691e-03, 3.400858083608430601e-03, -5.595333658430338974e-04, 1.756221431696967754e-03, -4.482619140626002349e-03, -1.866493541536308736e-03, -4.804231408398145983e-03, 1.231216084572883673e-03, 4.160182283739516373e-03, -4.058587196188552168e-03, -5.948368824724645232e-05, -5.612184466482561876e-04, -3.939157375366421528e-03, 3.951438916417013281e-03, 1.155319315935843597e-03, 2.584272136438302801e-03, 4.631485865383335593e-03, -2.706447591133772854e-03,  3.95068761421936e-01
1.788860161921158529e-03, 3.774169124263943714e-03, 4.057399448005701709e-03, 4.479240165311159511e-03, -2.721745601172032535e-03, -1.856061319160958942e-03, 2.549814903592659970e-03, 3.943656467103595631e-05, 7.439917236626162125e-04, -2.172788879404174631e-03, -3.794559859905150857e-03, -2.529472316954284924e-03, 4.147035829829216064e-03, -4.598186615353768575e-03, 3.005926336854888511e-03, -4.168452322792703599e-04, -2.823462819918653045e-03, -1.836074892711658975e-03, 3.311105482851135762e-03, 1.246710521418300729e-03, 1.820364744954754664e-03, 1.730946719520865332e-03, -4.333913612742519052e-03, 2.926374772722423190e-03, -2.515503726251778430e-03, 2.110372712133733175e-03, -2.766046873169834483e-04, -2.919695732418051918e-03, -4.966593263053788870e-03, -1.745063519694806543e-03, 4.999499234729420927e-03, 3.522522143526206698e-03, -4.292503154473227209e-03, 4.186237993935347859e-03, 2.087935413755915778e-04, -3.397479395833839354e-03, -1.788701682045943774e-03, 2.610402622860397322e-03,  1.50942664595919e-01
2.593623111976309931e-03, 1.567366268309318064e-03, -1.015315546389253427e-03, 3.512848009049066023e-03, 9.341874214496750234e-04, 6.728643177702922987e-04, -1.308276350085378799e-03, -2.757763580454958285e-03, -4.387325529771918253e-03, -2.321107246625607728e-03, -3.900521177146021486e-03, -3.399333533773161563e-03, 4.517801859788360408e-03, -3.969975987364589114e-03, 3.327406056669562906e-03, 1.328868750037305244e-03, -4.931401611988101875e-03, 3.804568410515962729e-03, 3.243569725007101195e-03, 4.252627790444713299e-03, 3.515703821865766646e-03, 3.708041822465342821e-03, -4.673084064915934699e-04, -2.652418926768893102e-03, -7.936180975491565273e-04, -3.118582049696947897e-04, -8.363257870521818502e-04, -3.221853503278240480e-04, 3.560994088633735385e-03, 4.468304024483194317e-03, -1.273005302458130820e-03, 4.165352000742875149e-03, 1.455911022433410869e-03, 3.293448156444857972e-03, -1.653204853163245044e-04, -4.670200912680827834e-03, 2.319064457334925160e-03, -1.932609319558009457e-03, -5.30574834943983e-01
8.465025234526300443e-04, 4.349771327836357560e-03, -2.407269200236984187e-03, 4.230634819323449841e-03, -2.993419116399023867e-03, 1.251758807649078209e-03, 4.656202901170400366e-03, -4.230656883835521437e-03, -8.773757154599973532e-04, 3.521415730195903704e-03, -1.523056537308515018e-03, 3.646793161568582034e-04, -4.663108576616636393e-03, 2.586513508065833682e-03, -4.651761960467757327e-03, 4.670110647102890256e-04, -4.376097499504573787e-03, 3.905648735979688063e-03, -2.183497336461321867e-03, 5.624003311162292795e-04, 2.522728071833743937e-03, -4.263909163699250091e-03, 2.344088013096273446e-03, 1.950022609298319304e-03, -1.549865086226542062e-03, -4.688490715329201274e-03, 2.152876427744173163e-03, -4.198917312290992472e-03, -4.127765923195236657e-03, 1.600315756981888354e-03, 2.580439947768998175e-03, -3.913096214019523914e-03, -4.925233075233233053e-03, -2.938322894133982722e-03, -3.139048855404818778e-03, -3.075191477981074981e-03, -1.017332118457997883e-03, -3.822342803094007369e-03, -3.07122178015398e-01
-2.345198069271412986e-04, -1.348738388132518680e-03, -4.345165054315778229e-03, 4.661943498342367362e-03, 1.024409467816736301e-03, 3.783496792948334506e-03, -1.249731003100251411e-03, 2.090596044216817828e-03, 3.714119611413458158e-03, -4.908169761317352463e-03, -3.405441928817859801e-03, 5.523250977262526493e-04, -1.624564533556888991e-03, 1.186484398220571772e-03, -1.582489541075910063e-03, 2.834330198849701818e-03, 3.662597669234031114e-03, 2.850010392645270507e-03, -2.258042980375832200e-03, 2.094057571012309348e-03, -1.990408417880109356e-03, 4.691220686582930552e-03, 3.105119764981586691e-04, 2.443423052066734727e-03, -8.401331945336893564e-04, -4.516453376641385749e-03, -2.438592113342003594e-03, -1.560954502584224052e-03, 6.108396610234913260e-05, -1.518607439278917438e-03, -1.142999012718280433e-03, 3.226136749427212236e-03, -2.833427025121420476e-03, 6.439632507505054296e-04, 4.483490291905388447e-03, 3.225396615663910643e-03, -3.358053729478715881e-03, -2.564609888783799842e-03,  7.58980980085711e-02
1.624020958036661612e-03, 2.840097950692396095e-03, 1.644140551036084481e-03, -1.689271931996766223e-03, 3.961181482769034201e-03, -3.182624397245969843e-03, -1.414716810165813233e-03, -1.158909553699165144e-03, 1.146455621216850747e-03, 3.368097857101119696e-04, -1.230944773606460884e-03, -3.153807142066401403e-03, -2.849098663705675483e-03, 5.979886761529641659e-04, -4.970344550395787778e-03, -2.163090451175735986e-03, 8.460928387641264078e-04, 4.208129088095292902e-03, 2.384592660038296202e-03, -8.995978817304059461e-04, 7.628111765738887148e-04, 5.614163631528310688e-04, 2.474906442410560251e-03, 1.055664584282704245e-03, 3.571329205359824455e-03, 4.924674401860663214e-03, 4.809118710043500805e-03, -4.282267388804376039e-03, 4.660900355253206132e-03, -1.096633310914114836e-03, -3.792442582021616701e-03, 3.345216584548147548e-03, -3.669515301788695526e-03, -3.156874206188338156e-03, 2.616389548490471138e-03, 9.098297136585220546e-04, 1.758937205226664136e-03, 2.987481749457884805e-04,  4.91221382431288e-01
4.983802094952607259e-03, 1.712221300228968304e-03, -4.848697013922747406e-04, -4.912576820094309397e-03, -2.302462305439175166e-03, 3.166805557360593409e-03, -4.228828276058151613e-03, -4.407080070119581000e-03, 9.567094026358274883e-04, 2.322271277089851815e-03, 3.752503278899314149e-03, -4.016853702302803503e-03, 3.442695192571341642e-03, -8.407962318135123875e-04, -6.969152068507632886e-04, -1.477234438535984448e-03, 3.152494307254179173e-03, 4.999944156908376139e-03, 4.241208103594965723e-03, -4.636811565483992328e-03, 4.013628380846840163e-03, -6.109081247907856282e-05, -4.297556364296688421e-03, 4.673023111890059825e-03, -4.838844030240286968e-03, -1.771961193742491517e-03, 8.055407396089370176e-04, -1.117693744100534993e-03, 3.232521219177081351e-05, 3.088211618078160262e-03, 1.594288579219446840e-03, 4.090916532210895143e-04, 1.087257512327714434e-03, -1.224477965018710632e-03, 4.233948927336247253e-03, 1.159455902940563672e-03, -2.836503990165031765e-03, 1.457039413636704132e-03,  6.67222640955696e-02
3.920939263619459617e-03, -3.173615981965569911e-03, 3.521562144359552740e-03, -6.045183007754497545e-04, -4.856575315855209303e-03, -1.997252180677457079e-03, -2.928300102601119007e-03, 2.668932764482801444e-03, 4.427779328943309833e-03, 1.279212846395380923e-04, 4.012123102200034278e-03, 9.289638172428121496e-04, -2.646038337274428734e-03, 2.655846066215513009e-03, 3.511792002622235453e-04, 4.450970722696090745e-03, 4.551408126854563155e-03, -3.996924658836957869e-03, -3.821742166820127524e-03, 2.469852188474855326e-03, 5.860266312803456140e-04, -4.052560991281295086e-03, -4.407943217548115043e-03, 3.858221414025857221e-03, -1.520575919085470195e-03, -2.286395960189388597e-03, 4.446255812237063718e-03, -3.576977140571854785e-03, -2.709091621385410851e-03, 1.294040286204249310e-03, -1.347488723005148357e-03, -4.845367447744069848e-03, -9.163065733048137568e-04, -3.123534300678140231e-03, 3.404120050650983470e-03, -3.734723429859214752e-03, 3.005513996208006300e-03, 4.049100979572659020e-03,  4.96049061000855e-02
2.964990883697731991e-03, -8.043393377874579961e-04, -2.360656593363665533e-03, 4.989242293389890143e-03, -8.875562399027828175e-04, 1.529162299794561281e-03, -1.185420382007653772e-03, -1.248142667768313563e-03, -3.771535571043958118e-03, 6.271730037412104330e-04, -9.359411607663221597e-04, 4.351841422624059402e-03, 1.315708192911097321e-03, -1.906125190894491887e-03, 8.525119456145773336e-04, -3.544624133134284538e-04, 4.452057355478543019e-03, 5.896828694558747114e-05, -2.754526463266674784e-03, 4.079433509539025920e-03, -3.753393710738969248e-03, 1.269690002265498954e-03, 2.261289974350867010e-04, -2.392383128514335554e-03, 2.796591821949058476e-03, 3.236183594644448380e-03, 4.708143794982157931e-03, 2.399531139016986177e-03, -2.150461791420979311e-03, -2.536986097994517204e-03, 2.730104347994566014e-03, -8.849977813418829012e-04, 3.211647992597288850e-03, 5.231440367053962273e-04, 3.958490711927168532e-04, -3.174119020404443312e-03, 1.272528319498247504e-03, 1.146221891321443954e-03, -3.72211393096124e-01
2.260379164160268572e-03, 2.777324669801591213e-03, -2.485280163486742674e-03, -2.672948018873173067e-03, 3.935795707004823354e-04, -4.932661078563894616e-03, 9.198441788048107581e-04, 9.263144158291273383e-04, -8.663116953538134088e-04, 3.122401761617155103e-03, 2.162874219007783656e-03, 3.332618022245216818e-03, 2.940430462554110419e-03, -7.088257014019432034e-04, -4.184212068744807243e-03, -1.966657760771377880e-03, 2.061203585843962918e-04, -3.864610418760665560e-03, -3.833982302801457187e-04, -1.741930474895959403e-03, 8.793356655197670860e-04, 1.477306174050264931e-03, 4.167473064483730519e-03, -3.889800284326537690e-03, -2.938904113443810331e-03, 3.862121595320632678e-04, -1.051725510543581252e-04, -6.156771539801968868e-05, -8.531253237256545066e-04, -3.414565255260870215e-03, -2.411259404527760046e-03, -4.779424060364124288e-03, -1.526926706547228774e-03, -3.461644556961704887e-03, -2.845874493111012933e-03, 4.472968376345830277e-03, -3.289709960329637896e-03, 3.935110765395221505e-03, -1.82572677612795e-01
-3.742245980681136938e-03, -3.560061080108980428e-03, -2.731765903992087931e-03, 5.990045894727034914e-04, 1.883038168691820134e-03, -1.841418205439687445e-03, 7.219191937453649233e-04, 2.449266012561701969e-04, -1.648439743224076274e-03, 4.859156408792735665e-03, 4.130498336808832369e-03, -1.214850231776591800e-03, -4.145025085732986780e-05, 4.025545553417329489e-03, -2.617071287818227045e-03, 4.864514515220085683e-03, 1.567761668282505703e-03, 2.896543049767575165e-03, -3.258006838520591426e-03, -3.825482746502997713e-03, 1.615675323608269966e-03, 1.938245129041028629e-03, 2.541881416198026739e-03, 6.902483608388085626e-04, -2.262338443269572980e-03, -2.778833999288390401e-03, -4.534386660182453468e-04, -4.551261694539823245e-03, 4.190961922586028399e-03, 3.108626644160969107e-03, -3.498150265139107068e-04, 3.053016897425995038e-03, 3.234351083933533627e-03, 1.413261734816181718e-03, 3.476255412094701389e-03, -4.529945529165579909e-03, -1.767945023534969479e-03, -3.407493672622421890e-03,  3.03122337313914e-01
2.401250686552389331e-03, 4.085194260341413683e-03, -2.197920993411904729e-03, 3.072614412958038846e-03, 1.301564742483309924e-03, -2.653923375578742892e-03, -4.345723308929836694e-03, 1.744029732012779624e-03, -1.610247101698676804e-03, 4.817041438936310246e-03, 1.786361816611616200e-03, -1.758631669872961871e-03, -1.390827396453043867e-03, 4.584082706418602174e-03, 4.977630378669108471e-03, 2.974301777568034641e-03, 2.035633639115009413e-03, -3.147322752958441397e-04, -2.783324057763050200e-03, 1.857964292007940540e-03, -3.235785051400116505e-03, 2.359375279774219777e-03, -4.862118302229229833e-03, -3.318109520498627781e-03, 4.700426357432506072e-03, 6.882288424013673425e-04, -3.463362242994340139e-03, -3.820697324804299844e-03, 1.784680251323674839e-03, 1.430058876998452702e-03, -6.164908604823242030e-04, 2.070792076397153479e-03, 8.580965662584837117e-05, 8.104155327191518710e-04, -3.342845635242364024e-03, 2.669501468555389272e-03, 2.625157532171365493e-03, 3.586845883064501694e-03, -2.10446082377599e-01
1.041498371247564017e-03, 1.801493319929795695e-03, 2.950023433945099874e-03, 3.045291680384301300e-03, 4.833839270182580666e-03, -4.679387741700613383e-03, -4.350251486680287508e-04, 3.992377601382549740e-03, 3.430765562029857232e-03, 2.111133129563804410e-03, 3.370503825122732680e-03, 4.148819987137123549e-03, 3.174010991706584586e-03, -2.279798728192184917e-04, -2.846439675373659862e-03, -3.510197405402533215e-03, 3.077878686146291731e-03, 1.867621911800951447e-03, 1.845265970804185751e-03, -3.534852098957773185e-03, -1.208037841933412224e-03, 4.209619226732169012e-03, -2.985251483340767981e-03, 1.929871193780529487e-03, 1.000654841813676185e-04, -2.103069426393939633e-03, 2.664790593812969496e-03, -1.535930676566437010e-03, -3.303976354466828420e-03, 2.659692307679201520e-03, -1.426818628041464157e-03, 2.040904451181033141e-03, 4.151998483325121739e-03, -3.398253622168361486e-03, 3.160724591308549172e-03, -6.989588272412559228e-04, 9.485261370376042375e-04, 6.192958188377386750e-04, -1.26496648039386e-01
-1.617996967205998903e-03, 4.156452706424096019e-04, -3.944455847775810847e-03, -1.552305854212411226e-03, 1.964576216360841565e-03, -2.349619412573132182e-03, 2.922421678241235443e-03, -9.948846429904461761e-04, -4.517472543677905454e-03, 5.902802218947312066e-04, 2.136460812875775987e-03, -1.334465626149595237e-03, 3.906429913882262725e-03, 4.810139093495801113e-03, 2.468877183831523318e-03, -2.389696288859004605e-03, 2.111321103134479460e-03, -3.202713606373884959e-03, 1.678264684781620789e-03, 4.426791069987388513e-03, 1.522853305872708465e-03, 5.176967340275850232e-04, -3.336353673905889227e-03, -4.613034535840865834e-03, 1.116089211675511984e-03, 2.879585059701181976e-03, 2.515634877390691450e-03, -2.838624696090127474e-03, 1.502669479924626829e-03, 6.998006474991068371e-04, 8.160013134612988106e-04, 4.522994240248297618e-03, -3.691447936882690829e-03, 3.431748327523931677e-03, -1.715634115945664263e-03, 3.295895753900709296e-03, -1.865370140369262096e-03, -7.814689832584794174e-04,  5.61503370479102e-02
-2.573062199124233687e-03, -1.178324612105411621e-03, -1.507357774570933402e-03, 3.750962865723078341e-03, 1.607205877913057794e-03, 1.701813599233507369e-03, -2.762807887061136287e-03, 3.391350270237536782e-03, -1.410251931163807038e-03, -2.290204031586865179e-03, 1.526623008435038648e-03, 2.474609935150607135e-04, 1.500257405830296951e-03, 3.631382121265392532e-03, 9.813789743778481359e-04, 3.300117701573651585e-03, -2.393561027014070013e-03, 5.717881351251638197e-04, 5.241261302875504721e-04, 2.961482742672827406e-03, 5.158489043247203171e-05, -2.304155202047458197e-03, -4.949934362668368878e-03, -2.061195305224465535e-04, 5.307007704120191710e-04, 2.805837749706548839e-03, 4.002860520570618308e-03, 7.673472209132354421e-05, 2.518117525066258106e-03, 4.562741808635511348e-03, 2.756522683574431400e-03, -4.990380063921778450e-03, 2.787140289868541079e-03, 4.227578976449406639e-03, -2.020287988881050781e-03, -1.499177403350452839e-04, 2.116608983223908398e-03, -3.906211594575867418e-04, -2.84009890070741e-01
-3.445071370698302854e-04, 3.813259203320155249e-03, -2.245586913304446330e-03, -5.546676445835948405e-04, 2.657108872752922922e-03, 4.800245062653548875e-03, -4.577327496846082464e-03, -2.749290481285328151e-03, -2.360521350309673170e-03, -3.782242384277252276e-03, -2.530290340068874246e-03, -1.365979574523406084e-03, 4.709196132512324592e-03, 2.516514583704259483e-03, -1.263830945948750395e-03, -3.161426663925457747e-03, 1.514254901773337894e-03, 1.483016466297448765e-03, -1.896108926313401499e-03, 4.035145709973363484e-03, -3.502051594713937767e-03, 2.520341484144660721e-03, -1.336140415865748506e-03, -2.331040073095464512e-03, -1.022814427054450324e-03, -7.636937179748837234e-05, 2.377567182703614092e-03, 4.864392600725334428e-03, 1.598713594587666299e-03, -3.535507778205807319e-03, -3.307590775712270035e-03, -3.112270800824132582e-03, -1.585459572419985110e-03, 2.985200727540738078e-03, -3.646268825481423486e-03, -1.224199833741962656e-03, 5.369015111763887627e-04, -3.090480723476125846e-03, -1.27656454456448e-01
-4.107823551351744672e-03, 4.318500737612683896e-03, -3.396158137632366257e-03, -2.524934760479850913e-03, -2.190601486693959793e-03, -1.713851442052879287e-03, 4.299586608154234643e-03, 1.794549982479639628e-03, 4.914202517333677092e-03, -2.709447043250029670e-03, 1.594754034397411445e-03, -1.522429715277544716e-03, 3.496465842843876973e-04, 4.937345300820607241e-03, 3.395450348755610706e-03, 4.090071794185081225e-03, 3.464057282673868240e-03, 2.248360502661922097e-03, -2.932815236326880449e-03, 1.268807921090594690e-03, -3.663703648533870195e-03, -4.919505174404517102e-03, -3.443738673127650848e-03, 5.336364015559799667e-04, 3.915619789011325416e-03, -1.015103758690763698e-03, 6.204880068626126774e-04, -4.805675661796893899e-04, -2.889318207250220552e-03, -1.215266836173010609e-04, -1.019253821274400396e-04, -3.694087405321105216e-03, -3.380737011145046236e-03, 1.149209023973508069e-03, -1.987604019806164975e-03, -2.485899033233103083e-03, -6.720943790505511800e-04, 1.953861050749956633e-03, -4.20527722515824e-01
1.638436632870025542e-03, -1.528566881680709210e-03, -2.701540757060172469e-03, -1.039130467355326402e-03, -4.147162992172714890e-04, -4.229472040138233628e-03, -3.006457801292410168e-03, -1.921694177646983328e-03, 2.544512916743150652e-03, -3.152053342357371332e-03, 1.731074404144414963e-04, -4.291090660484770183e-04, 4.272392611604875975e-03, -2.920664809276286942e-03, -4.149949322562389992e-03, 1.907164026954049491e-03, -3.380171640121060282e-03, 1.322555634400550753e-03, -4.006741608339556109e-03, 2.210082335516735420e-03, 1.845458223982838694e-03, -4.510875517776831954e-03, -1.458982999324961050e-03, 2.226626803497736007e-03, 1.019333910252686465e-03, -6.875090994092857011e-04, -4.544118034488319954e-03, -4.621449817302929891e-03, 1.611604919056461999e-03, -2.516449104923693461e-03, -2.607546026209256202e-03, -2.312747189385235339e-03, 3.887787288958810192e-03, -1.271552810047980094e-03, 2.873640607895395702e-03, 2.427022424658292071e-03, -3.897859483331342877e-03, 4.693981034422166354e-03, -2.24090371637548e-01
-1.058876765548667255e-03, 1.144853647958065171e-03, 2.775579032786128220e-04, 4.158223453745951356e-03, 1.161731442502183381e-03, -3.369342892782132073e-03, 2.316530337348178710e-03, -3.804571401597146678e-03, 2.111862871607767672e-03, -3.099243970183777289e-03, 2.503971322958578952e-03, -5.105391121626706025e-04, -4.008173361336256346e-04, -1.336833760298043218e-03, 4.862265911087373244e-03, -2.133794364500106802e-03, -8.605292245911829591e-05, -1.063107265443886257e-03, 1.318352336882491586e-03, 3.368125250047957625e-03, -2.867312122808173252e-03, 2.304387923966151608e-03, -3.560532574520113708e-04, 3.589077025092582071e-03, 6.265766870944180361e-05, -4.626988724720519988e-03, 1.753685637327143804e-03, -4.011180197073322545e-03, -3.790139304295024603e-03, 3.263063040671974543e-03, -1.550498260111168695e-03, 3.499837074992686106e-03, 3.276809089619052082e-04, 1.189209388138329736e-03, 3.655394096102205365e-03, 3.010686160706110143e-04, 8.133135915209680281e-04, -2.699336953395155454e-03, -9.02210491224113e-02
4.058641190588411357e-03, 3.976387162421950519e-03, 9.847019099547106927e-04, -2.243080657209472334e-03, -2.104689980281286132e-03, -4.603478014178123343e-03, 1.050792992126018538e-04, -1.697919147683574562e-03, -1.853951966884774018e-03, 3.363036124274002350e-03, 1.047378321734093211e-03, 3.350855253620868904e-03, -8.650599214284678679e-05, 3.106813622841644515e-03, 4.157393449613437306e-03, 3.536211292751766447e-03, -1.540995630578493800e-03, -9.186185252631371909e-04, -4.623864528889853887e-03, -4.597224199295081755e-03, -4.029241511484805277e-03, 3.458333164627010875e-03, -2.506696196267105530e-03, 2.550747022968140321e-03, -4.076410992566791708e-03, -1.793515539673834133e-03, 3.632943135530416340e-03, -4.963338299191104482e-03, -3.718119293409797525e-03, -1.532779039301415593e-03, 6.083331287479306834e-04, -2.278245770742886103e-03, 2.234151901300527460e-03, -1.718898180737920243e-03, 2.309837698611830192e-03, -2.543287742021456410e-03, 2.284968375668220558e-03, -7.534470525900165139e-04, -4.12721673659524e-02
-2.488802921086859590e-03, -1.804515102354182447e-03, 1.567723250781646351e-03, 2.892721560783172510e-03, 9.780373559239953149e-04, -3.628829327414358728e-03, -4.941467557605026990e-03, 4.674457708767421407e-04, -4.757356085599278445e-04, -3.887348880428060857e-03, 3.471166820589734539e-03, 2.348573901974150384e-03, 1.419205873178713134e-03, -4.635262789170253687e-03, -2.378517619454992207e-03, 1.688366277820337220e-03, 4.916595677191409886e-03, -4.808975877919985896e-03, -1.683365955206547141e-03, -4.147833007771530890e-03, -2.980362012747171663e-04, -3.860806368380529686e-03, 1.193910441721447897e-03, -1.512938865614373712e-05, 1.782791657872356134e-03, -2.493134597200173143e-03, 4.739913432546755470e-03, 2.830114625801325584e-03, 3.240192690942460610e-03, 1.994314749919542766e-03, -1.152902222013125252e-03, 1.516107467793356180e-03, 4.349935245940274309e-03, 1.023676300652788529e-03, 1.967093903572071818e-03, -1.842941436955213615e-03, -9.179093108814427235e-04, -1.284859661190192182e-04, -5.92000356953356e-04
3.593753449968234426e-03, 1.980080864682387705e-03, 1.106828192914748217e-03, 2.192832657389821860e-03, -8.478126387853612833e-05, -4.316848270843083937e-03, 4.623470096009317867e-03, 3.812389091876807606e-04, -4.676879153593401992e-03, -2.935667362723705549e-03, -4.562665396886403553e-03, -1.410032299321161905e-03, -4.958980572405249053e-03, -2.125018620365135349e-03, 2.916346707341838096e-03, -3.786773260962739487e-03, -1.575591822917683099e-04, -1.797178234059665716e-03, 4.888166781535909985e-04, -3.984020652968184306e-03, -3.092180604814904685e-03, -2.875664061693108085e-03, 3.559214464021947383e-03, -4.803965048513816546e-03, 9.989367019563105340e-04, -4.743361109216981571e-03, -3.733931790157081487e-03, 3.932662062388139756e-03, 4.383949766008964424e-04, 4.141822360536295128e-03, -1.467333290491930776e-03, 6.906576425425615950e-04, -2.559230470648473765e-03, -1.146440373684943538e-03, 8.398766359181998598e-04, -4.780759548382790443e-03, 1.841733902770868389e-04, -3.388916888765953692e-03,  4.43101241090667e-02
3.242444384333412893e-03, 4.452631728678737438e-03, 5.009386930978614733e-04, 2.948749612417360388e-03, 3.919853498565800676e-03, -3.107428425438790720e-03, 8.099906289187512945e-04, -7.131005567734419529e-04, -1.284353493059893058e-03, -1.464929895211612536e-03, 2.714542336501949045e-03, -2.917305765876794087e-03, -2.432117162881713458e-03, 1.138691044564186378e-03, -4.986503991307765678e-03, -2.471507789453500359e-03, -4.775072113234920569e-03, 2.063030042861738883e-03, 1.491983599406871037e-03, -2.021895945098890323e-03, 3.453796798110284755e-03, -4.386631489791615462e-03, 2.054750581742511087e-03, -3.729481293547836848e-03, 2.313652122516584794e-03, -1.824200066863930405e-03, 3.928543602976224125e-03, -2.105367953682253743e-03, -3.217714407067713295e-03, -1.691429821496298440e-03, 9.787736867372864510e-04, -4.681201874453779638e-03, 2.347374055620870051e-03, -4.226990937239978249e-03, 3.525210661609178009e-03, 3.024988601576199601e-03, -6.442016626874965193e-04, 6.604190071824800681e-04, -4.61543342723102e-02
-7.049508145430382483e-04, 4.902921935330834674e-03, -3.284212260687471505e-03, -3.641490857153115678e-03, -4.254729414734564029e-03, -1.004555086498172198e-03, -4.881866748342837681e-03, 4.782677183572291851e-03, 4.017889927659576074e-03, 1.952956957595839912e-03, -4.204577149030920558e-03, 2.651676395329263629e-03, -4.691329220376331058e-03, -3.171261186104608158e-03, -8.276256003421963298e-04, 1.440725712252953136e-03, -1.670800589959616379e-03, -6.260137009497417429e-04, -9.351331036825645884e-04, -1.956364684414712337e-03, 3.905129825269434626e-03, 6.702767977884074163e-05, -4.272056984447575312e-03, -2.422469741378027556e-03, -5.998751271010047820e-04, -1.520960429936441070e-03, -2.932359755632644831e-03, -1.750243074690748663e-03, 8.036887823116272561e-04, 3.465164178004844983e-03, -4.662722694364192233e-03, -1.541575222616534038e-03, -1.356162665095128443e-03, -1.874441537580792509e-03, -3.355536609973252572e-03, 1.205352044020567386e-03, 7.371751193463874433e-04, 2.501650994135937861e-04,  2.98792710720945e-01
-1.406488951204960727e-03, -9.956060673916595355e-04, -3.411142332298036130e-03, 1.913110817436197708e-03, -4.892648482800236731e-03, 2.550448404241299587e-03, 3.550200142583498711e-03, -3.157174055550443590e-03, -1.256839528320148960e-03, 1.610908256280104214e-03, -2.044197360496749407e-03, 4.335944231699837698e-03, 6.288874365929231214e-04, 3.564759411809094447e-03, -1.133271940424287853e-03, -4.694021747150752336e-03, 3.405349852416243717e-04, -3.546921957718248211e-03, 1.877683971573881894e-03, 4.108609439399750138e-03, 1.793069612544332531e-03, 4.430578847119340941e-03, -1.720857033095306993e-03, 4.321450971154199711e-04, 1.767632042642539557e-03, 4.675292559602656911e-03, -1.969833762104219402e-03, 9.828001163144205882e-04, 3.992072689413912398e-03, 4.361950634593282292e-03, 3.722332648188997339e-03, 3.078146733622815628e-03, 1.327824479874922803e-03, -2.591595221380784287e-03, -1.154053284203186095e-03, 1.953686014106148158e-03, -6.949007373285532793e-04, 2.819314168370938567e-03,  2.69679280855802e-02
-2.252613915091729053e-03, 6.957814240777801876e-04, -3.981978044055507239e-03, -7.859010872570959538e-04, -2.830447390925652784e-03, 6.520342090299020149e-05, -3.081587558761123523e-03, 4.955495958889598665e-03, 1.787006745283600297e-03, -1.734359585503194093e-04, -1.426150948978187859e-03, 6.845876891884662349e-04, -1.502184125568927376e-03, -3.867293916851388593e-03, 6.253747965435660708e-04, 2.348396060573861889e-03, -4.556138271516679307e-03, 4.373660094610168358e-04, 4.077728802343864173e-03, 4.317454097479413513e-03, 2.930494611144874792e-03, -3.027184975154294157e-03, -3.102638674304684582e-04, -4.375244374265386399e-03, 2.935068533211468780e-03, 2.168890328780209362e-03, -2.559893288158081315e-03, 2.048420885362813894e-03, -3.195791527834420179e-03, 2.905845412467437591e-03, 4.346620578535718288e-03, -3.350458987419507872e-03, -4.321615740318137527e-03, -1.655660861876685243e-03, -7.903220060857790025e-04, -2.234358010860209090e-03, -3.550451254218542525e-03, -1.615232524262703428e-03,  5.70142607151195e-02
-2.881150270830496341e-03, 2.207316923702709772e-03, -2.447967621893427058e-03, -3.577999814379393025e-03, 1.451844596565578065e-03, 1.495827826362140962e-03, -2.730922607876162377e-03, -4.164495061528350819e-03, -2.264951706894984679e-03, -7.315086316232481331e-04, 2.383832557588964375e-03, -4.448540321284387075e-03, -2.423039132941738876e-03, 1.516674038930092630e-03, 7.216797628022391525e-04, 4.711965038282245680e-03, -5.887969756970716853e-04, -2.578142043028856800e-04, -4.133256792549748135e-03, 5.225199355033327206e-04, 3.411756015550444776e-03, 1.232489958651859091e-03, -4.606604020123691162e-03, -9.538223935507943868e-04, 1.509150830112103089e-03, 3.593980919219358708e-03, -2.197519881896719488e-03, 4.763410709335053408e-03, 6.003585910334023959e-04, -4.686058130434782656e-03, -2.122224434440824273e-04, -6.843586959420274590e-04, -7.384198440737576447e-04, 2.200046017478134164e-03, -2.926967749204187775e-03, -7.912066058975361638e-04, 2.986724218609975237e-03, -4.885954803114728011e-03, -2.86062242228199e-02
-6.901779828335594807e-04, 1.585261653184644529e-03, 4.021819485789690854e-03, -4.715814932942994156e-03, 2.450923751668087833e-03, 4.934162430718100692e-04, 3.381211876768777658e-04, -4.263893471460962654e-03, -1.396678049238194840e-03, 4.832793488636180287e-03, -4.081683938057629850e-03, 2.684738439293213666e-04, 3.726770924034016746e-03, 1.248212911378224904e-03, 4.241401278732504637e-03, -1.249189833245854635e-03, -1.633972257201179654e-03, -1.582903459751251914e-03, -7.044700973094474017e-05, 3.235483098131918325e-03, -5.440616257216786614e-04, 4.767051295381675297e-03, -8.970407783112652536e-04, 2.042661389618343967e-03, 2.114198196135654885e-03, -2.514527011929975145e-03, -3.648473816165523353e-03, -6.062388190623026196e-04, 3.648198120400271416e-03, 3.595618466536883856e-03, -4.446255179925027654e-03, -4.739044799374878339e-03, -4.270905090736049937e-03, 1.833033171818198095e-03, 2.701088358226309653e-03, -7.273796280472732620e-04, -2.942043073491888878e-03, -2.444128718071886079e-03,  1.76898019013155e-01
3.895172620207070294e-03, -3.377953749498011776e-03, 1.201388064924461922e-03, -3.028011889313280726e-03, -1.151099051471416151e-03, -1.449546467781205172e-03, 2.008899301903473329e-03, -2.528662353930475736e-03, 4.422174378988289606e-03, 4.999042513847961125e-03, -3.447584158521286874e-03, -4.926501723932816268e-03, 2.883586873737806547e-03, 2.879235291936758576e-03, 1.829332208298406655e-03, -2.493597216104984776e-03, 9.171183783484746985e-04, 3.080504909347834414e-03, 1.900184860365279962e-03, -4.303365688921961980e-03, 3.833601209133973009e-03, -4.732047301653642679e-03, -4.122409136265882748e-03, -4.189685037434302470e-04, -3.857634651686772664e-03, 1.715809010230225952e-03, 1.200278928581896207e-03, -2.371100275281217210e-04, -1.344065620453000799e-03, -2.877181305797834893e-03, 2.014006697278260781e-03, -4.970120998534301865e-03, -1.552304943752073896e-03, 3.933262148904536140e-03, 2.024875811391458995e-03, 4.949631322590348007e-03, 4.680360130323392431e-03, 4.318203438621312507e-03,  1.93771219321083e-01
-3.329044785567209126e-03, 1.097854037110612864e-03, 2.589399953697071877e-03, -1.671927879319386970e-03, -2.231951005182824469e-03, 1.744495179169480020e-03, -5.023985567126120280e-04, -2.386869125361708657e-04, 2.127047212810515703e-05, -9.070684490524363180e-04, -2.578659964025025245e-04, -1.551680352701664475e-03, 2.040239405714855923e-03, 4.879808979274922673e-03, -1.317214970020181945e-03, -3.093149588647911563e-04, 1.635983474494034917e-03, -4.502728264049035353e-03, -3.327840172448432582e-03, -4.801132867872020399e-03, 1.160071083936730328e-03, -4.466598334578885006e-03, 2.615220288079960625e-05, -2.678734839210810542e-03, 4.841855095666876274e-03, -1.172971776758921589e-03, -9.712252434847931312e-04, 4.650123247578422103e-03, 5.368564877025099394e-04, -2.106019339494077589e-04, -3.106829885381884315e-03, 1.225181458173560389e-03, -1.752303446065089140e-03, 4.085266146859693401e-03, 2.071972122778589429e-03, 3.338974075582040388e-03, -8.590191864394670918e-05, 4.055394537045715550e-03,  1.02542278096383e-01
-3.861602651192717374e-03, -3.508529876369699714e-03, -3.342445887004189160e-03, 1.364820071223863708e-03, -2.633830354594602144e-03, -3.847725465796288449e-03, -4.776370828496747170e-03, -2.874528971323502425e-03, 2.139532527584597082e-03, 4.593004448246814156e-03, 1.885506397586125815e-03, -3.725327749234139639e-03, 4.980798989965160017e-03, -7.316186181489494136e-04, 3.534617718224494082e-03, -8.539560966381986445e-04, -1.960923859052847353e-03, 2.920309207103757160e-03, -1.584309418522486090e-03, 2.373601815138013868e-03, 2.243065690904046464e-03, 4.136158146626640539e-03, 2.189562518781573187e-03, 2.272933026450639840e-03, -4.639195783118260814e-03, -4.425439715963130557e-03, -3.106187245375780295e-03, 3.639279677285634299e-03, 2.026103667090846557e-03, -8.027251803507870487e-04, 1.258382091132808495e-03, 4.560749179993982619e-03, -5.366162609461546176e-04, -9.018546891548517852e-04, -3.383944818270666344e-03, 2.959745698605912440e-03, 4.839079876752763743e-03, 2.939905117454859676e-03, -5.42763571179946e-02
4.530905479092604132e-03, 4.390008228547584435e-04, 1.598226849334410428e-03, 1.129321548766545197e-04, -2.814216401824552825e-03, 8.960357140232501350e-04, -4.557740169717641211e-03, 3.674697657923357494e-03, 3.224247809029915507e-03, 2.729252375169373586e-03, 4.480385769313180791e-03, 1.380799134161961317e-04, -2.510267979424695046e-03, -3.470417123033455765e-03, -3.086896670635796459e-03, 4.628853165050295093e-03, 2.348769360373425229e-03, 4.772389437700235576e-04, 4.559862946163983563e-03, -3.172961533847547082e-03, -2.268283914531344595e-03, 4.545788581921434909e-03, -3.718118473869473899e-03, 8.533455833582680866e-04, -4.664680160328634959e-03, 3.689996425193348487e-03, -1.629107120933928534e-03, -4.102722522278468356e-03, 3.335756914236903681e-03, -4.292328171072732138e-04, 1.510906479724654326e-03, 8.967113669053478064e-04, -4.101391312264527841e-04, -4.989207509180780716e-03, 3.745629475313443438e-03, 1.065608858795152186e-03, 4.902631922054402625e-03, -2.329309985784283089e-03,  4.20505272015192e-01
3.168201443272495796e-03, 3.029113802623599472e-03, 1.962715102974840753e-03, 1.712425615813084612e-03, -1.103481830451057220e-03, -2.606020099387828387e-04, -4.916998021834636211e-03, 4.822894203771511262e-03, -1.801741688030027849e-03, 4.541268812814245812e-03, -4.056298204272508479e-03, -2.333198294027703963e-03, -3.992434594292952957e-03, -2.210410808043255897e-03, -4.772972335231463574e-03, -3.532065146047552121e-03, -3.633958300871357842e-03, -4.891352730831949498e-03, 3.409863274635546032e-03, 3.913981396334908006e-04, -2.994099288491976901e-03, 3.574917539714630998e-05, -4.826438039470649574e-03, 2.341451909569638827e-03, 2.923317268303304850e-03, 1.138287998660053937e-03, -4.831232862799681067e-03, 4.125365064409428073e-04, -1.172883221531643289e-03, -4.432305798631078035e-03, -1.071277101313578874e-03, 4.483444282556864682e-03, -1.701038666588668147e-03, -4.736681040012173660e-04, -4.946505809952242774e-03, -1.156812146631873428e-03, 3.386931682806598731e-03, 1.894105637907867248e-03,  7.20742046722226e-02
2.530967083269478404e-03, 1.496108704514185171e-03, 5.691633737996519560e-04, -2.995254349313781171e-03, -1.557667605855068364e-03, -3.314457438738545314e-04, 1.664607669821150174e-03, -3.743567885252882879e-03, 3.086222404569781766e-03, -1.019829478285492683e-03, -3.966220074617657874e-03, -2.579007433929999052e-03, 2.454250046352257804e-03, 2.921546119514353834e-03, -3.682227681037099267e-03, -6.793742820715015229e-04, 2.543641727275783131e-03, 3.370586484474065100e-03, -1.165478174275459688e-03, 9.419261600118987443e-04, -1.061782720110962010e-03, 3.844721352480795148e-04, 2.119234571759395259e-03, 2.500070261524408102e-03, 2.279174852538647447e-03, 2.920765578128379017e-03, 4.873503285918612954e-03, 3.496500764852816107e-03, -2.761053107113939972e-03, -1.839300304475524964e-03, -3.712583200233286751e-03, -3.486737280086061284e-03, 8.786231164272864658e-04, 2.831135802000308427e-03, -2.701576794855069588e-04, -4.460526553739911811e-03, -3.611074141741773408e-03, -4.615218706001958208e-03, -1.68781214350979e-01
-1.950800406503248961e-03, 2.769562419653054212e-03, -1.380356386893182973e-03, -1.809652803212562135e-03, -4.178195979947654272e-03, -2.381603822982299428e-03, 3.584357619190981295e-03, -1.369551334785018386e-03, 1.020685769997479314e-03, -2.056360890642433201e-03, -3.485567724120643834e-03, -2.215442898004438364e-03, 4.879920661969832513e-04, -4.843528623149402461e-03, 4.695937153204885264e-03, 1.367880837719457308e-03, 2.417694454269906160e-03, 4.148514508779486271e-03, 4.147298184180327890e-03, -9.685154419415368393e-04, -4.836507017664372875e-03, 1.552756120258707261e-03, 4.937972617703546840e-03, -4.034259954109479900e-03, -1.436844923410962333e-03, -5.144218445710000906e-04, 3.682720803797959186e-03, 1.147083302243834257e-03, -4.376911955712687631e-03, -9.578105337652523948e-04, 2.870265557108245269e-03, 1.373251832156136346e-03, -3.984925964653857934e-03, 2.150349734082765245e-03, -3.474321328470790331e-03, 2.076451329127614910e-03, -2.756406994958374244e-03, -1.784228462662885983e-03,  2.31772711551290e-01
3.561786482283897659e-03, -4.919293558439135142e-03, 4.135356342919642089e-03, -4.472191086325722972e-03, 2.413222068190282871e-03, 3.035781417937886972e-03, 9.640858352671487913e-05, 3.557833434828287789e-03, 1.207175543494349787e-03, 3.777501559483257415e-03, -3.133677463648544548e-03, -4.184747782035239463e-03, -3.677085352832286033e-03, 2.748243346907727411e-03, -3.579021625677109020e-03, 3.510198555720447922e-05, -4.647821768083303454e-03, -3.967804888005773203e-03, 1.781889554178971852e-03, -3.196438668922590293e-04, -2.949321538284323772e-03, -3.437245063179889502e-03, 3.720394201528171019e-03, 4.968237592840624162e-03, -3.805023347185423899e-04, 4.829406402070527543e-03, 1.597833955850069994e-03, -2.050798309887360941e-03, 5.883720579683239180e-04, 4.793383742766232219e-03, -4.281398704213778932e-03, 1.017696028999555587e-03, 1.886577450979303773e-03, -2.771468339938454144e-03, -9.900519987029428662e-04, -4.862682418522680169e-03, 2.359108937386426678e-03, 2.706070150476713211e-03, -4.80356803617002e-01
4.552195079795123833e-03, 2.888459934545031110e-03, -1.366841964521798517e-03, 1.976639800796778368e-04, 2.816403863030182350e-03, 4.045437687080011627e-03, 2.197452669233270275e-03, 4.633696991463700718e-03, 3.486427361355494414e-03, 4.147748227558865561e-04, 2.747341072211851448e-03, 3.854598376695442946e-03, -2.335865141286633338e-03, 4.783690266758603218e-03, 3.798455912761605074e-03, -3.968928216602224911e-03, 2.056662281101452779e-03, -3.028253624119208853e-03, 1.188720366536481603e-03, -2.996433260400731095e-03, -2.249185872703777633e-03, -3.718502275760687120e-03, -6.624807671763701875e-04, -4.083532088799649018e-03, -2.784568467853283744e-03, 2.933387600943524950e-03, 2.958397732965066876e-03, 1.764496941158669174e-03, 4.876719951656642224e-03, 8.578717446127087989e-04, 7.337781816916105759e-04, -3.876583009335748606e-04, -1.176450673982769226e-03, -6.985192629689399024e-04, 2.578435194993582494e-04, 3.656470174203500789e-03, 1.863729737443725609e-03, -3.663851729660386452e-03, -2.82247300933434e-02
5.486774160396654110e-04, -1.057124539629860326e-03, 2.157084211813656109e-03, 7.034643557417468232e-04, 6.446930730841975501e-04, 4.119724951861381337e-03, 2.257037367678499558e-03, 3.057561556395504629e-03, 1.744431213926599805e-03, 3.236028923727131412e-03, 2.110437302879467764e-03, 2.296228462026636552e-03, -4.933460515441259742e-03, 2.277163330769663846e-05, 3.681730545667494942e-03, -2.519529065022435739e-03, -4.017429770424687033e-04, -4.554702040838499999e-03, -1.054775457687393177e-03, -2.559268039061148806e-03, -2.117516970023233022e-03, 4.482965896590293542e-03, 4.058150694403333397e-03, -1.188652684478295769e-03, 1.930944972436833725e-03, -2.236727210127023840e-03, 3.120382536788642719e-03, -1.473952645638260898e-03, -1.057297687855146551e-03, 3.213006666584880197e-03, 4.529117666803372105e-03, 3.110923375170005986e-03, 1.585825443302700880e-03, -2.723471994007117380e-03, -1.010403469308421981e-03, -1.563275383168678898e-03, -5.203246961393917513e-04, -1.494454696874416341e-03, -4.85951685026561e-01
-2.517581925073351760e-03, 1.811426078006904417e-05, -4.987047322019543504e-03, 4.964543031916991700e-03, -3.207316903895645818e-03, -4.771215469929443107e-03, -3.924314787038286900e-03, 4.188809801335079824e-03, -2.050402861697906386e-03, 3.314589083338688111e-03, -1.775080496222401771e-04, -1.801083035619585604e-04, -1.081834016648996685e-03, 1.866293110412415093e-03, 2.664159037195181975e-03, -2.960982625027846343e-03, -3.327858581869969253e-03, -2.457868410260166323e-04, 4.735265009761239346e-03, -4.536296442583203151e-03, -3.145768385765127483e-03, -2.290865261431916482e-03, -2.425074234579950236e-03, -3.255177060537315769e-03, -3.079510997331632791e-03, -2.438275821527437388e-03, -2.825569785443626369e-03, 4.479738661746959782e-03, 1.649278044132842028e-03, -8.793658966374084257e-04, 4.818259240191731171e-03, 1.477064915657603714e-03, -3.633060425761478612e-03, 3.697001316932973028e-03, 1.919942627254572071e-03, -2.642408030430084837e-03, 3.845141672452419973e-03, 1.749270237325028371e-03,  7.23476560737754e-02
2.148231311545767061e-03, -4.133510699640921549e-03, 2.336165122038393570e-03, 4.450035229239557646e-03, -2.327920671454191109e-03, 1.321820308922211189e-03, 1.168939206868440696e-03, 4.575368118418313146e-03, 4.569851205655901805e-03, 8.115347460107245892e-05, 1.376785946108326393e-03, -4.107059066326691245e-03, -2.769898815906566506e-03, -5.373794450299011066e-04, 4.098580096793223715e-03, -3.146521205710552539e-03, -1.763054375027532910e-03, -3.504125598008097763e-03, 2.625900564469641624e-03, 3.633978930902663496e-03, 3.202070716343326240e-03, -1.216120160049895434e-03, 9.373673438756646367e-04, 9.616746316066099309e-04, 1.844065825991621221e-03, 4.485624609265308899e-04, 3.077861128788010950e-03, 1.271597939553242677e-03, 3.135718289790831101e-03, -8.567903433090509613e-04, -1.760871734474934655e-04, -3.519195758463022558e-03, 4.107198229424020852e-03, 2.389773787372872181e-03, 2.090759138372210585e-03, 2.409527531031936155e-03, -3.462615789440696024e-03, 2.730691532914236545e-03,  4.41136800596064e-01
-1.889556845604004488e-03, -1.516232315576835667e-03, -2.083666487420394921e-03, -2.395168166163147514e-03, -4.239914452695488743e-03, -4.884414561736361536e-03, -3.359122109928502475e-03, -3.243323281914429514e-03, 1.068891584282392199e-03, -3.069246774652027721e-03, -2.454365973474525835e-03, -1.891054118506192358e-03, -3.538782390550256497e-03, 3.542309601103965644e-03, -4.334038403354909495e-03, -3.375236580482417117e-03, -2.165173991277686508e-03, -1.868945452016233365e-03, -2.693649700836202223e-03, -1.028200926009724576e-03, 2.677732885046561588e-03, 1.144049885978729031e-03, 4.040520155227612584e-03, 1.026027255894913434e-03, 3.173274400353471095e-03, 2.189551338105768727e-03, -4.112965589864831135e-03, -9.991646491253709447e-04, -4.729916110229681094e-03, 1.534146487506202194e-03, 4.956766703338801733e-03, -3.213833201119185683e-03, 3.910293251294025968e-03, 3.232063590593671487e-03, 1.425840429413994213e-03, -5.549486336559172200e-04, 4.403807107318699968e-03, 4.827162693321800438e-04, -7.26463361186991e-01
-2.194606730868387066e-03, 2.972216229805679441e-03, -2.968607856714040698e-03, -5.881540158852354219e-04, -1.728306374022524523e-03, 1.424676525805182101e-03, -2.511010832020743686e-03, -4.197577714139070007e-03, -1.373867133369090915e-03, 2.928069443486884527e-03, 3.649481249252734330e-03, 4.961563948797868828e-03, -1.732623893480000465e-03, 6.390617628681807480e-04, -2.799132746576270172e-03, -3.813383395796946483e-03, -3.856160509954954969e-03, -2.871446551239772299e-04, 2.420396347751228860e-03, 6.560813173528160999e-04, -4.007789391805688904e-03, 8.761985192304692915e-04, 2.675974969092087194e-03, 1.157387015719333126e-03, -2.473557151409448273e-03, -3.424160453963853365e-03, -3.430624730290782014e-03, -6.646894743780129913e-04, -4.926268877040157652e-03, 2.505276852518539127e-03, -3.559588260793211494e-03, 4.534876212600081821e-03, 1.356006469830127806e-04, 2.195823656059829251e-03, 1.206453396488275064e-03, 5.687418771743680754e-04, -1.849225265129449125e-04, 3.749578347664947117e-03, -1.18786965187838e-01
-1.503065699827414812e-03, -4.344248037213961286e-03, -3.974045805619271649e-03, 3.616022368495385234e-03, 9.917767895120752769e-05, -2.364927412805569416e-03, -3.200533433638544974e-03, -2.884444063075005185e-03, -4.133603445840479569e-03, 3.065915341055214238e-03, 4.838765911374512396e-03, -2.333685713873795420e-04, -2.738899828281931691e-03, -3.709433575199259578e-03, -1.048800248146589988e-03, 3.698449610749120903e-03, -5.720066319579927838e-04, -2.996412673228540571e-03, -3.681338342439411174e-03, -3.823106827201414731e-03, 1.736581939887049328e-03, 3.018873177589876874e-03, 2.005046924235430288e-03, 1.410348671034447263e-03, 3.137110272130750471e-04, -1.663158680364528255e-04, 2.053881060794278922e-03, 8.836781661064330162e-04, -2.187171970519446399e-03, -2.205802045756225394e-03, 2.833891880070058336e-03, 8.291731835601478737e-04, -3.290804963147764273e-07, 1.927236520785153423e-03, -3.863500516194262428e-03, -1.357512839744836122e-03, -3.769026020854103140e-04, -2.269626791317738614e-03, -1.30117941087180e-01
8.668867213337053124e-04, 4.579744235806291336e-03, 3.922452015031394415e-03, -4.291646318810177566e-03, 3.634917731122131249e-03, 4.849313806714118311e-03, -3.777491205683902210e-03, -1.103630308627865427e-03, -1.559828894505397787e-03, -3.491813269909729844e-04, -4.439055438857053906e-03, -4.363889833151427325e-03, 1.357999688895052473e-03, -2.549443703917882945e-03, 4.727363759901011958e-03, 2.313540114944253982e-03, 2.209697309634973961e-03, -3.086372633279138751e-03, -3.197642121860468437e-03, 4.772859704141369300e-03, 3.170461468992032128e-03, 3.959935964470423161e-03, 4.350031715323620513e-03, -4.438358153669112044e-04, -3.826258249637252192e-03, -2.730013052240364696e-03, 4.753023797863216784e-03, 4.387428459464930153e-03, -2.206610000549568979e-03, -3.834062642777917758e-03, -9.143529608941934270e-04, 1.397133259551299779e-03, -1.073338808056496785e-03, -1.290886235413153584e-03, -1.207513627458927166e-03, 3.466537398530330702e-03, 3.195909407899774970e-03, 1.299238948481960809e-04,  5.49380511520996e-01
3.959141148640668573e-03, 1.263699166544217725e-03, 1.417196923921866872e-03, -1.035956553299480221e-04, -1.614865019061170661e-03, 2.597426936756126563e-03, 2.467811520630414958e-03, 3.197435729673106866e-03, 1.433010098083956074e-04, 1.497686155809854411e-03, 1.590838583684708873e-05, -2.739969441685386701e-03, 1.006336896754890867e-03, 3.729898765072592673e-03, -1.700707330672653408e-04, -3.944756557549817730e-03, 7.925538315206159118e-05, -3.455474090064588645e-03, 4.208377342517050437e-03, -3.655880930260937099e-03, -1.611966391852777489e-03, -3.222074938461986192e-03, 1.927582190391418510e-03, 2.204079384122079044e-04, 4.107305182663452403e-03, 1.813871632151162032e-03, -3.277631225006003880e-03, 4.432778883032218592e-03, 3.064098498176247992e-03, 4.217148839546909847e-03, 6.623929544613557999e-04, -4.241202298116523994e-04, -6.447656824645200610e-04, 2.180929814941832620e-04, 9.749620799145465588e-05, -1.851988225729437904e-03, -3.838382547727350012e-03, -4.561596623727888142e-03, -6.21449990425000e-02
6.095748438754320861e-04, 5.180110392359891028e-04, -2.471403397946544695e-03, -7.286723515688622171e-04, 3.481510379984774708e-03, 5.150228385903208445e-04, -1.137293032274742932e-04, 3.120160065011161679e-03, 3.698332586250387133e-03, 4.786979258145404592e-03, -4.790964253858838451e-03, -2.273626105458523370e-03, 2.435554486899576578e-03, -4.694466715238133046e-03, -2.970557068696495079e-03, -4.961352603753787886e-03, 3.883567423991020340e-03, -4.237038944200002301e-03, 3.118002791216231348e-03, 1.684503182970045754e-03, -3.983722219813843647e-03, 1.988857993893196167e-03, 8.587684763432254856e-04, 1.541229146531925345e-03, 2.680286410826735952e-03, -5.986654994516692196e-04, 4.317765238302542080e-03, 2.589463429639094448e-03, 3.555943495361299500e-04, -3.751080909859642876e-03, 2.082993717075835340e-03, -1.869706531603665661e-03, 3.781061533631150176e-03, -2.370204609991582740e-03, 4.219692142869997664e-03, 4.328813295307749540e-03, -4.381166374603296873e-03, 2.413447360431872704e-03,  4.89709131607716e-01
1.970548613121597681e-03, -8.489404389919377042e-04, 7.324586896374305628e-04, 2.795747240183626796e-03, -4.362128595370591208e-03, -2.684965323253959719e-03, 2.440302092571187791e-03, 7.742207597983830070e-04, -4.302953883245937312e-03, 3.813538706933912448e-03, -1.296146421563497408e-03, -2.434927858664562121e-03, 4.834139244576388106e-03, -1.999435848182849404e-03, -3.947502885862127879e-03, -1.722098527033506712e-03, -1.947997186755209744e-03, -1.379537923089969170e-03, 3.775662511515997036e-03, -1.575256081367192636e-03, 7.404807370521328258e-04, 1.397236028305690742e-03, -9.798841177419935489e-04, -3.515326181725675347e-03, -3.046335512186456717e-03, -2.675136570106925911e-03, -7.208430127536224682e-04, -3.174910684174437996e-03, -2.419830445342818163e-03, 2.323469872691876111e-03, -3.474594461697507602e-03, -2.702125637319418693e-03, -2.605779064885401213e-03, 4.769518821247679605e-03, 4.082985704019059109e-03, 4.537303265149271805e-03, 1.824114749405578335e-03, 1.835733562883882716e-03, -6.14068724092047e-01
-3.562083900587278106e-03, -4.283179360756355150e-03, 3.145211933036099958e-04, 3.294469780250238941e-03, -3.770848097412985919e-03, -3.303963132707847788e-03, -2.588495141471746329e-03, 9.163193816909970257e-05, -3.192938291477875022e-03, 3.200332621715543807e-03, -1.191341050442496375e-03, 3.067527463220951628e-03, 2.687175755645144527e-03, -4.869815950365580931e-03, 1.653004538317640916e-03, 1.480079977174433847e-03, 1.085470427156210414e-03, 1.667761213353929385e-03, -3.767358617826073452e-03, -3.093710704850302640e-03, -2.354478087336036533e-03, 3.282932424869709417e-03, 3.639040511196236019e-03, 3.662096268338259700e-03, -3.614862875233515807e-03, -6.470717809493181649e-05, 7.261954265460569477e-04, 7.042222539134232809e-04, -5.836817549353823936e-04, 2.486473081818980739e-03, 1.052551624518152130e-03, -2.194423148303004025e-03, -2.134850206045972587e-04, -2.041704804493275471e-03, -1.833711067437127085e-04, -3.483258590210162788e-03, -3.728996443406028954e-04, 1.775106165073710163e-03,  4.32783053379209e-01
1.091111048827607399e-04, -2.438746686744333592e-03, -1.183290200746776877e-03, 3.878864622715994318e-03, -1.532059749476853520e-03, -4.712545283922003371e-03, -7.844691111919890880e-04, 4.746720020282188535e-03, -2.222327567237461499e-03, 4.730844447116593424e-03, -1.156479857874308237e-04, 1.800585481843829973e-03, 3.329364553681183822e-03, 1.607638889398421006e-03, 7.636605493274942896e-04, -4.671318208151393515e-03, -8.490683671465706558e-04, -9.661559500710788922e-04, 3.708956406506046938e-03, -3.686676516598593606e-04, 9.746817513273300232e-04, 4.154100937368496171e-03, 4.482500402094040728e-03, -2.927503444992312232e-03, 4.764477052617330233e-03, -2.925823380393965598e-03, 2.344217816699278520e-03, -1.946698252869750491e-03, 1.180580920021797979e-03, 4.072941015559244926e-03, 3.683355750952167773e-03, -1.653617473658644445e-03, -4.129563072247623839e-03, 4.208900791000851418e-03, 3.921425517215757287e-03, 1.293664522511605956e-03, -1.985018199075195850e-03, -3.438077447476453347e-03,  3.16797306658054e-01
2.192957288220194825e-03, 4.019381592452825336e-03, 2.751250431797162485e-03, -4.335395818446753646e-03, -4.611376609816713115e-03, 4.658060977949589690e-03, -8.040783490555949292e-04, 4.218276330846749272e-03, -3.846813487348184953e-03, 4.482419420343821889e-03, 4.096152615887093534e-04, -4.285843107019774237e-03, 1.938830433459740217e-03, -4.231063530351445237e-03, -2.342939862867827582e-03, -1.086837799503351763e-03, 1.150098175499581453e-03, 2.695599925070572139e-03, -4.113980356223054247e-03, -4.786979616524898208e-03, 4.831486567360319603e-03, 2.299932796814989182e-03, 1.687973808299179056e-03, -1.814706802921429128e-03, 2.476283930058635271e-03, -4.991127690134135320e-03, 3.289375815238764281e-04, -3.707789890191751005e-03, 4.385986170607703016e-03, 3.513285733833387825e-03, 4.946528075973493505e-03, -5.203010721511599698e-04, -1.128197560751412372e-03, -4.700805879982465976e-03, -3.674149581921228470e-03, 3.586383259011012570e-03, 6.329095676582043722e-04, 1.263767244502801528e-03,  5.83808440984759e-01
1.215921068263584037e-03, -2.043481104509916983e-03, -2.127219200436005105e-03, -2.782521251629728812e-03, -5.375832554833769733e-04, -3.457170612209418872e-03, 1.093033022658498540e-03, 4.650575815245238179e-03, -3.898963677880758118e-03, -1.900165866768491717e-03, -4.543185049043389941e-03, 2.602855999076984610e-03, -2.868112404829104619e-03, -2.157013643908864756e-03, -1.406609200560494932e-04, -1.336086980575968731e-03, -2.476832982938600297e-03, 2.499078545126539458e-04, 4.831562977696031089e-03, 1.495409619239740709e-03, -4.674630904837706429e-03, -1.196675861967660785e-03, 5.822221730852252669e-04, -5.671958708090346288e-04, 1.283213324032896063e-03, 1.188901085932455616e-03, 4.786415538429227012e-03, 7.258647185893907922e-04, 1.241388347310990251e-03, -4.464255468857109693e-03, 1.644452402130886989e-03, 1.348853374746944965e-03, 3.016758120262506143e-03, -2.630193865599249683e-03, 3.017767825495008480e-03, 3.121400573941028253e-03, 2.015297259611818249e-03, 4.761018794790945405e-03,  4.60226816948469e-01
-3.003704571455959645e-03, 4.145672747058374782e-03, -2.867195971072200415e-03, 2.540985224956194242e-03, 6.735551518323784279e-04, 3.244056687636845404e-03, 2.291518926921656818e-03, -3.702370954656505724e-03, 6.188907742106829549e-04, 1.545021934066185230e-03, -3.300467738547574730e-03, -3.998515387325877329e-04, 4.743726675659684644e-03, 3.335732579795927522e-05, -1.903219632728566854e-04, -1.975607604530680607e-03, 1.871416788392111889e-03, 4.067960226049927713e-03, 4.686940264306889425e-03, -1.479499355518597205e-03, 2.883105339774628961e-03, 3.682980672410738829e-03, 1.261726191103334019e-03, 3.131753457624703030e-03, -1.382800185417323423e-03, 3.057262388394351230e-03, 2.128125224099232903e-03, 1.722067200438546705e-04, 3.251315131374922507e-03, -3.509731737920148906e-03, -3.169830077701631370e-03, -8.231588366257929987e-04, -3.586807198675053855e-03, -3.028664908959604121e-03, 2.469390848259414226e-03, 4.965382293152147478e-04, 1.722017063964578591e-03, -3.539427981780324944e-03,  6.67755292991826e-02
-4.395795287885110800e-03, 8.117403754584863809e-04, -6.523232078775491674e-04, 1.187215984412069367e-03, -1.589689388279093372e-03, -3.171753140623750737e-03, 2.799475179535765648e-03, -2.297731438496793902e-03, -3.469776543551151941e-03, 2.575123867551426873e-03, -1.910964892478469838e-03, 4.778733653941276416e-03, -4.480796175402155038e-03, 2.417333029425850453e-03, -2.487365601220060778e-03, -9.757745649131852397e-04, 4.335024702655437129e-03, 2.574392404562779110e-03, -4.784039469154665117e-03, -5.788905288927519502e-04, -2.455978788061777881e-03, 1.281071336394976057e-04, 3.670472495505760699e-03, -1.447796807024559918e-03, -4.514499760905036838e-03, -2.268093067829667769e-04, 4.155221890623294473e-03, -2.665575802931314207e-03, -3.637365630373026824e-03, 3.855532477646216039e-03, 2.850749491973125077e-04, -2.220129110929541533e-03, -3.365375983982529014e-03, -3.493209027221431430e-03, -3.953875536225956791e-03, -4.832416791718140668e-03, 1.026144920753567676e-03, -3.117364740824882414e-03,  4.23676849929238e-01
3.354284212027431114e-03, 4.480570078646913326e-03, -5.198722518336817283e-04, 1.451405252953506461e-03, 2.207021178638156333e-04, 3.527585518832334482e-04, -3.620424134361693337e-03, -2.903825783511089411e-03, -7.294942821750131923e-04, -2.598574253684457318e-03, 3.300205172794487551e-04, -3.946777226939150035e-03, -3.083436138019564690e-03, 8.580057473247769406e-04, -4.489610410073101993e-03, 4.991040863789472648e-03, 2.416984332322688958e-04, -2.338056403700816514e-03, 3.223325590731167950e-03, 1.145164903877532447e-03, -3.732123981509865088e-03, 2.069489314441422430e-03, -4.199908454840309974e-03, 8.259396835973613696e-04, -4.611137525939125112e-03, 4.647560233548743078e-03, 1.159759943937155660e-03, 4.955661404429909794e-03, 3.793855372879326865e-03, -2.383803459649613821e-03, -2.808748264069212477e-03, -1.734182389714076025e-03, 6.695908587332401879e-04, 2.940832437038813987e-04, -6.596828213396360371e-04, 3.488171931226092745e-03, -2.875913688649292879e-04, 4.729279610966556288e-03, -4.29896463305727e-01
-1.118286990841761523e-03, -4.685037276134824610e-03, 4.734831434406462300e-03, 2.865797804880700073e-03, 3.110615355942005639e-03, 3.134438411830284960e-03, -2.385293778144447884e-03, 6.673856612042453756e-04, -3.326767848018408105e-03, -1.108899043191795622e-03, 5.979279079850671752e-04, -2.879000230904329993e-04, -2.062079781635005066e-03, -4.460690520126263034e-04, -1.063835663261575824e-03, 2.156654570167714294e-03, -3.787144864152138836e-03, -7.006650759499881073e-04, -1.607848560784538427e-03, -7.369067968906860971e-04, 4.064005720398784771e-03, 3.718304716769380361e-04, -4.699179323283583440e-03, 2.665111349799835321e-03, 3.021354183028021959e-03, -1.492649288404044542e-03, 1.501150340212708406e-03, -3.145221309763690954e-03, -4.123108715349762393e-03, -5.176176401884714090e-04, -3.584834773825091095e-03, 1.881949941709647710e-03, -4.093373662577066974e-03, 3.985285589031191747e-03, 4.382903012231929504e-03, -3.526401985013415206e-03, 4.345988275495878128e-03, -4.020192390233893499e-03,  7.21780667231627e-02
-4.463919249217723068e-03, -1.389204415855095805e-03, -4.859213383455292939e-03, -3.782937338455160704e-03, -1.500540442189978070e-03, 4.153833666190535900e-03, -4.199149425070538774e-03, -1.534219714913035316e-03, -6.042966934732300552e-04, -1.047810543750401190e-03, -4.624413691238424967e-03, -6.618012415564381024e-04, -4.006380742467067352e-03, 3.782717732866851951e-03, -2.773401436405234424e-03, -4.346656913146296382e-03, 3.688641403771583324e-03, 1.702941434763093932e-03, -1.114626397612328550e-03, -2.181967539407100518e-03, 4.018383006373759531e-04, 3.026655657175223585e-03, -3.946194337370399069e-03, -7.436919739800566462e-04, -3.747613267164268472e-04, -2.652383955901568315e-03, 3.601640783249719993e-04, -4.245224401503571408e-03, 8.776054384196617375e-04, -2.106666103744830529e-03, -4.116608022656908367e-03, 2.280223473533092571e-03, -4.326736848201929997e-03, -5.262891519171222082e-05, 5.871853621355902289e-04, 5.434973092731196914e-04, -3.037191423885525054e-03, -1.825675527300524986e-03, -4.73825310313870e-01
4.213620509998449240e-03, 4.366417372079692619e-03, 3.588786558099636009e-03, 2.283157008500893634e-03, 2.681878076112053678e-03, 1.000593181139992904e-03, 1.789929171024291950e-03, 1.793874411537910510e-04, 4.099880129298631021e-03, 9.707645085707348326e-04, -2.323692836274927377e-03, -3.220026441152338149e-03, -4.448031003893598845e-03, 1.701331366971834368e-03, -2.266378380351928221e-03, -2.088098644670519696e-03, 1.786384414471883265e-03, -4.674140746804788388e-03, 2.590588799591416955e-03, 2.064837556880671707e-04, -2.224436416902382183e-03, 5.350117928274349469e-04, -2.556401789664629071e-03, 2.361963828977767417e-03, 2.597571223365035577e-03, -3.752487851346202833e-03, 3.888595216013075381e-03, 4.521065563811993079e-03, -2.052264513748227378e-03, 7.905532566315218515e-04, -3.663060764414398200e-03, 4.619602498798582729e-03, -6.954781800575784642e-04, 5.405598668612766888e-04, -2.422036367069398122e-03, -3.899795353829657585e-03, -2.090574722171712179e-03, -2.733567981192253863e-03,  7.95023034059620e-02
3.378890827348166384e-03, 2.335090034104193163e-03, 1.795056230552972282e-03, -1.131493912166941281e-03, 1.749543998827421051e-04, 2.469890637705797649e-03, 4.094133951000614863e-03, -3.452575788824887183e-03, -7.954898774542966400e-04, -2.325732027614939475e-03, 2.684498227643939729e-03, -4.461058131792657033e-03, -2.996717463820477989e-03, -8.296315404133797894e-05, -3.542226843814988251e-03, -1.261429372368463430e-03, -4.669212812227927986e-04, 2.427454814326386601e-03, 2.909931706978344940e-03, 3.170012659241652417e-03, -3.646786269010261067e-04, -1.922159059058997817e-03, 1.804586810453445191e-03, -2.624561061213295798e-03, -1.572429991267259436e-03, 1.973812881251145110e-03, 2.289278462292355931e-03, -3.097558068504958038e-03, 2.737583526488777952e-04, -3.755949780379092690e-04, 3.203748724252582572e-03, 3.159289791318622628e-03, 5.647891964055294298e-04, 2.617008107379132156e-03, -2.899193568828456122e-03, 4.760322821222216089e-03, 3.804127558967029810e-04, -2.940370788376384884e-03, -1.26532506978910e-01
1.252975177910927232e-03, 3.904419347244633340e-03, 2.012876808837868459e-03, -9.389362998225266391e-04, 2.224298771307339599e-03, -1.792980548285228425e-03, -2.012571542362277810e-03, -4.200620913056632433e-03, -3.720052720449265084e-03, -8.415984641659633031e-04, 3.896906151596997436e-03, -4.654138077833981819e-03, 3.088107741763912104e-03, 9.386458618621494610e-05, 7.518798021321267816e-05, -4.377138013603601788e-04, 2.437677860116639443e-03, -1.448265303602219983e-03, 4.712902384731071370e-03, -2.431881499002276452e-03, -2.706851133627248291e-03, -1.987895245997306232e-03, -4.301314869110621671e-03, -1.023529529381588497e-03, -2.820490143495358974e-03, -3.356759241553721428e-03, -3.399167722976349608e-03, -2.727722866264460470e-03, 4.486428141205612077e-03, -1.310538273580414814e-03, -2.495531565034914741e-03, -1.193564784941109763e-03, -4.737774086755284532e-03, 1.537537032380444091e-03, 4.729139947567051125e-04, 2.022606211416580133e-03, -3.449696842198251168e-03, -1.332884905340121773e-03,  6.11263989423003e-01
-4.503601167794429698e-03, 4.503661625699198132e-03, -2.506770369297649063e-03, -2.492566062083758152e-03, -1.486255193953435472e-03, 2.608408079013847108e-04, 2.108787110437029301e-03, -2.669667877366353314e-03, 1.905542787598192914e-03, 6.173765727795210712e-04, -2.693104552751973083e-03, 3.827027060976493159e-03, 5.526515430348613589e-04, -2.877411924044666162e-03, 3.850684122090886063e-03, 3.945831602810572630e-03, 7.898220018450587479e-04, -1.150585626293141456e-05, 2.320906556944623417e-03, -4.061037992434555523e-03, 2.999009032025563154e-03, -1.428793350590539923e-03, -3.230659657352826127e-03, -4.865413824585652219e-03, 2.550802239130830172e-03, -1.457115191177984180e-03, -1.692694346175379824e-03, -2.164901769456757750e-03, 1.801978865076963275e-03, 4.825306368300408960e-03, -3.494429725558971262e-03, -1.920185768563096446e-04, -1.087208253522645683e-03, 1.571989744691016516e-04, -3.839285387792706374e-03, 9.339237206821950424e-04, -6.030765005219113767e-04, -2.607601626788138508e-03, -1.98118847381163e-01
1.720277344858584488e-03, 2.048813299769055955e-03, -1.835431795198655403e-04, -2.438633232263603262e-03, 4.067946278003024482e-04, 2.297801881383917597e-04, -9.153573848989602496e-04, 1.123631173376391304e-03, -3.122506012963488509e-03, 4.680644944352189626e-03, 3.562830964101704190e-04, -2.006652008769170548e-03, 1.338273820026131267e-03, 2.856349908253166467e-03, 1.974015743219699297e-03, -4.224490300036072392e-03, 2.647169054868799172e-03, -3.230465705044098263e-03, 3.010100601268163659e-03, -4.912006081812250562e-03, -1.405477928719681916e-03, -4.759221109020258210e-03, 2.993955164804270458e-04, -4.235498674141068357e-03, 4.430265986080131682e-03, 2.298532396768377534e-03, 1.677538011613381383e-03, -1.724423209373069331e-03, -2.830661396485692309e-03, 3.750552867692102943e-03, -4.724189988656106801e-03, -3.004601860907936059e-04, -2.961441804750482385e-03, -4.080840355387502921e-04, -1.371553045199278096e-03, 3.273839102906293472e-03, -1.266033707174003126e-03, -3.848912659039249295e-03,  2.64282301946637e-01
4.330805768491515287e-03, -4.369946449292081390e-03, 1.681720183829781522e-03, 3.139554990360384976e-03, 3.171480438219183989e-03, 3.847911034569462610e-03, 4.417022379236896709e-03, -2.177546692659279581e-04, -4.495043169259950455e-03, -3.595999902265270640e-03, -1.391967870217218194e-03, -2.513084424723708091e-04, -3.247476251504460929e-03, 6.700027855153613612e-04, 3.634439742008303484e-03, -3.069715757863857811e-03, -1.978358778095123862e-03, -2.391031395174210688e-03, -4.923153910652197304e-03, -4.556934339677715107e-04, 2.074208360348446523e-03, 3.647810211525199728e-03, -3.514034978723667296e-03, -3.794175166061714184e-03, -3.597241681042878062e-03, -1.657987669530005745e-03, -2.157269354280045692e-03, 2.659808325870587076e-03, 4.255136102078218782e-03, 3.691938681462300295e-03, 1.668012994756317216e-03, -1.556331136944086053e-03, 2.099796537940266244e-04, -4.400739499217936820e-03, 2.146084739279366382e-03, 1.488001763761756177e-03, 4.254058449376008424e-03, -1.352256039726740158e-03, -2.25252935864223e-01
8.179240853725764510e-04, -5.995685239047095216e-04, -1.433726100055513104e-03, -2.334475397191542161e-03, -4.931097372204405055e-03, -4.571655722919567080e-03, 1.462366282738799921e-03, 3.098541373060268236e-04, -9.918058929070583049e-04, -4.442856295266538885e-04, 1.846481553409327556e-03, 2.302179770033201817e-03, -4.508338459452425513e-03, 3.446054752484916869e-03, 1.488679759338504965e-03, 1.837971714000540858e-03, 4.645342890735428346e-03, 3.994515667151509949e-03, 1.863935833989954945e-03, 3.753024978938078807e-03, -3.829648573963492786e-03, -3.370907493185722106e-03, -1.897175669244451166e-03, -3.768539231149368313e-04, 2.251672901549176160e-03, 6.177103151054803842e-05, 3.038608509980686087e-03, 5.038246036084019150e-04, 2.805177434139580900e-03, 5.111130205916001451e-04, -4.599929468877679735e-03, -3.630641833606125090e-03, 4.226904469830145353e-03, -2.077750526173528962e-03, -2.114331155351514314e-03, -5.339432975111505289e-04, -1.811777895508699839e-03, -2.266493892493113768e-04,  1.29286937394343e-01
-2.001031141351405744e-03, 3.737962333770519091e-03, 1.530117555900554864e-03, 3.401657795039647603e-03, 8.448157735966542459e-04, 1.894093213334325371e-03, -3.567212843838051678e-03, -1.946350672644036293e-03, -2.700286740669442104e-03, -4.358691244770502085e-03, 1.130785568742819804e-03, 3.539632839006793749e-03, -3.270507233408401302e-03, 2.633157956208441106e-03, -9.068548494609463689e-04, 4.138043882026079881e-03, 1.243415973028547811e-04, -3.357938508663691445e-03, -4.431917658315160692e-03, 8.968704552146395531e-05, 8.285755860472148945e-04, 2.092477840006698453e-03, -2.079193527276464257e-03, -3.937843853547161668e-03, 1.904028932741489398e-03, 4.222302999823086128e-03, 1.114094404334362368e-03, -3.560908740550368205e-03, 3.291056779549739533e-03, -2.337660280827042261e-03, -4.879044957482307765e-03, -3.042045384036389660e-03, 6.262255549005857694e-04, 2.760154065408937721e-03, 2.040468809680485995e-03, 2.322878679853859415e-03, -1.483743803952567320e-03, -1.762593020778003249e-03, -4.35214848214619e-01
2.788065098787056821e-03, -1.731746913983088585e-03, 3.620592944335193977e-03, 4.435857982909949260e-03, 2.245910400870404847e-03, 4.510523043235905097e-03, -2.991922407387560476e-03, 4.109892275196921213e-03, 1.522338505055629947e-03, -5.251301255885607727e-04, 3.438534205300667126e-03, -7.307654268195080960e-04, -5.340044580343459441e-04, 4.182222034647482128e-03, 1.082794711951055172e-03, 1.789277465405484692e-03, -2.330782597792008162e-03, -2.959888045491672857e-03, 3.634887299591216259e-03, -2.540139786651064453e-03, 4.468725988614094882e-03, -4.978582523594740107e-03, 6.358015668923924779e-04, 2.488282468583510182e-04, -2.411739420279766268e-03, 2.139441808929260121e-03, -1.294199265247725911e-03, 3.871909342703700255e-03, 1.908072299488857565e-04, 4.312211329590871778e-03, 4.398241607036433923e-03, -2.032296238703993046e-03, 3.490171912026959408e-03, -1.245862335843448028e-03, -4.881535757248612988e-03, 2.136437477705696759e-03, 6.659236488589306835e-04, -3.450531031668346935e-03,  1.16481058993938e-01
3.733872872616597963e-03, -4.103076060839080073e-03, -4.623518557878783172e-03, 4.838679909504485857e-03, 1.744488474949815356e-03, -1.887903262587066911e-03, 4.150941203445487893e-03, -3.969483289882213065e-03, -1.679238617279731234e-03, 2.693590115738400681e-03, -2.622307734085313306e-03, -2.944845570167785136e-03, -3.897671396240362691e-03, -9.800740942290837865e-04, -3.381921634894580891e-03, 3.672023022638215908e-03, -4.094678595657690739e-03, 3.647252236305076334e-03, 1.532722402765879927e-03, -9.453692621710094515e-04, -4.127836448305157065e-03, 3.431283879244632212e-04, -3.758884167833421303e-03, -1.986414824460093660e-03, -9.426284782394593609e-05, 1.877630429472760230e-03, 2.238934422750118482e-03, -1.318219146711274454e-03, -4.210521093274215663e-03, -7.683379029156311643e-04, 1.377578559014360805e-03, -5.938125343865384778e-04, 1.312259935544678700e-03, 2.362261195234120585e-03, 3.828332648960196608e-03, -1.978185114302292383e-03, -2.036931631138499173e-03, -2.414359032705364061e-05, -2.52271418606394e-01
-2.653452801307713913e-03, -1.926724668267956915e-03, 7.782616715956182374e-04, 2.605180872738861557e-03, -3.622469335390154574e-03, 2.307845335503150644e-03, -2.816448389183579502e-03, 1.649756332354001577e-03, 2.370590511987013226e-03, 4.390092985906687839e-03, -3.265926362185291899e-03, -6.243377103635067149e-04, 3.969694608464977362e-04, -1.020102679428100748e-03, -8.012414161202175561e-04, -3.563722945924842865e-03, -3.029032195747728869e-03, -1.735302057951123265e-03, 4.800992453648993824e-03, -1.828386692851389529e-03, 4.567424604750926903e-03, -2.833838279484754332e-03, -3.308266000513518726e-03, -3.360963629274229744e-03, 4.292320669514109593e-03, 3.903360186021108055e-03, 3.197612528761085982e-03, -4.265384139969255473e-03, 3.108353230507839710e-03, -7.836484846657568171e-04, 2.362190192899198474e-03, 2.235373659719574677e-03, -2.267176406557502161e-04, -3.347264949218423449e-03, 4.924445480160816874e-03, 2.991140766149194205e-03, 1.644797738089001302e-04, -3.278686665827157572e-03, -3.42083378188658e-01
-2.429820862086471290e-03, -1.013616737925106606e-03, -2.275155485578651132e-04, 4.019429483064074562e-03, -1.559493437241557534e-04, 2.067040295589058461e-03, -7.558687708330465160e-04, -4.888661340614760230e-03, 4.627164785121750182e-03, -3.235520039082795569e-03, -4.735532896545580593e-03, -3.081293411886626508e-03, -4.978822600923810647e-03, -1.653667237012527384e-03, -3.120063473856915254e-03, -2.659405030078780714e-03, -2.087737135946311166e-03, -1.171284243678850836e-03, -3.505500732668643139e-03, 1.708700067632434004e-03, 3.376107358466320582e-03, 3.553195574286609898e-03, -1.247086645403819478e-03, -2.875316559772852359e-04, 4.072915753257112803e-04, 4.280497279012814016e-03, -4.915075473605106174e-04, -3.648743334335528745e-03, 4.147511907528452987e-03, 1.941731682260359679e-03, 3.726416913375352538e-03, 3.952258275889228289e-03, -1.047134614153829267e-03, 3.069331065560674740e-03, -4.654535484373659680e-03, -2.929748051617809667e-03, 4.175725561097952745e-03, -6.301060911413367341e-04,  5.23930161255200e-01
3.688334750433447731e-03, 2.819466284359932809e-03, -3.303403628827724162e-03, 4.116887134040184831e-04, 3.231236143296845054e-03, 8.180980342066546118e-04, -2.035655917288838566e-03, 4.603586836987376765e-03, 2.060938380144710855e-03, 3.619045831975718774e-03, -3.003963658318651881e-03, 4.207661835448904195e-03, 5.136095531742667503e-04, -4.759556487867443349e-03, -4.382658868060346040e-03, 3.412581060105576367e-03, 4.278308231911290282e-03, -1.476260604775033944e-03, 1.585810706747002065e-03, -1.650614724839911084e-03, -4.102462259094668759e-03, 5.873943825807524319e-04, 1.402960963039576875e-04, -8.637506637843555407e-04, 8.298867416778816022e-04, -3.592311334101522431e-03, -3.247138634701156323e-03, -8.500964388876370084e-04, -3.043306575610492393e-04, -2.679584038089697241e-03, 7.022970241961305066e-04, 1.076630138011304069e-03, 3.743242395600546168e-04, -8.240139158929675467e-04, -1.124144034043202817e-04, 2.943925867971283403e-03, -3.414879135515743597e-04, -8.765133759904425448e-04, -2.21354585789580e-01
1.938010588827646791e-03, 4.030509395414818771e-03, 2.197526538809765027e-03, 3.546570650523238333e-03, -3.865209258042816808e-03, -4.919074587858362525e-03, -4.014439557656843301e-03, -5.622028137103850243e-04, -3.524989073521933407e-03, -3.843094727732608573e-03, -4.905650960000409143e-03, 1.683499823507047036e-03, -2.487312344797157175e-03, -6.391582754571856206e-04, -3.637513697119865944e-03, 4.440037267945893748e-03, 2.561239371939962213e-03, -4.035136794336710055e-03, 4.653063858042967224e-03, -1.234848826104549980e-03, 4.446335913773640999e-03, -4.577419363633248618e-03, 4.696487021185328722e-03, 1.148608351900790372e-04, 5.854934164097333818e-04, 4.328416152698225453e-03, 1.887827751471602734e-03, 1.096428570547215361e-04, -4.305830817010747325e-03, -2.654392104415863752e-03, 1.145455915986783903e-03, 2.927341079938215740e-04, -4.805062118786534130e-03, 4.409016301109408217e-03, 1.986351607452417276e-04, 4.067504428580037343e-03, 3.355486248969367230e-03, 4.531997452859445538e-03, -3.63282153249533e-01
-1.126890196041375591e-03, -4.084336349726428415e-03, -1.748259284965254790e-03, -4.778499708459354837e-03, 3.307517768790143795e-03, -3.231414045775579669e-03, 3.682344988255564777e-03, -4.654916732390584205e-04, 4.137527877870680881e-03, 3.553008031474390663e-03, 4.689367865215936931e-03, 4.728651205898449714e-03, -3.216137082143125624e-03, -2.500881812835603017e-03, 1.339632887724908662e-03, -1.849731335855650874e-04, 7.591430265279997328e-04, 1.631974125706073600e-04, 3.092076423100343849e-03, -3.898152835235004204e-03, -6.398605686879152432e-04, 3.258779714696661070e-03, -2.792981005099810701e-03, 1.837519363132726277e-03, 3.070165177957042899e-03, -1.179901038338255007e-03, 2.229989590301021535e-04, -4.695220259967229984e-04, -1.367603992971526839e-03, -4.557687994113165421e-03, -3.229082779225497801e-04, -2.426466965572944903e-04, -1.941065085022235844e-03, -6.709840080456868500e-04, -1.932209292767673656e-03, -3.628532270537981191e-03, 3.084344120749092297e-03, -5.287501638648736332e-04,  2.00778972028386e-02
2.872351691155749370e-03, 7.909785200147997908e-04, 3.645739629360274237e-03, -1.603790888481360002e-03, 4.856259301560611474e-03, -2.856458639970888436e-03, 3.351438998978405193e-03, -1.882441761573137775e-03, 3.511464654157445825e-03, 4.087551792088651645e-03, 8.202591874287845641e-04, 1.220487828826554398e-03, 2.178750796318696011e-03, 1.671473431072449146e-03, -1.430995257024978134e-03, 2.122099026269925158e-03, 4.528899185458533372e-03, -3.655606776076313069e-03, -1.291516299832416205e-03, 7.957140484900785890e-04, 4.079996568634482179e-03, -4.925338558448187458e-03, -3.139664276780809553e-03, -4.504722755501753238e-03, 3.339416896790098344e-03, -1.916254562544142392e-03, -1.153270170011573906e-03, -3.453626739651401763e-03, 3.497105163231817304e-03, 2.142112628337584923e-03, 1.914178469923590378e-03, 2.412463969599290721e-03, 2.181112290364196037e-03, -4.187940064464446173e-03, -3.554588081546199065e-03, -1.945366057597164473e-03, -3.665998893241945427e-03, 3.774549334498786615e-03, -1.26881824072915e-01
-1.822130077237770363e-03, -4.880444646224956634e-03, 4.363088110240640610e-03, -1.062987932079224179e-05, 2.604599229696891692e-03, -4.076256573303703445e-03, 2.615492601200462321e-03, -3.258924498873051225e-03, -3.040929772125926939e-04, -2.377350873096248807e-03, 9.659485276618563765e-04, -3.027919873783070214e-03, -1.762871704393866642e-03, -2.238004129234916206e-03, 1.548825926008633690e-03, -1.286922803651622486e-03, -3.130568849027229403e-03, -2.926951672015149376e-03, -3.558363160253198015e-03, 8.178481764520330322e-04, 3.343574103673040837e-03, 1.403219820782959648e-03, 2.798447932542400853e-03, 1.808690882412322849e-03, 3.461268460425305504e-03, 2.788389690449577345e-03, -4.251323379442377252e-03, -2.965369420189678876e-03, 1.154961090242318314e-03, -3.627968943313150327e-04, 6.341169275759965876e-04, 2.350221679448834429e-03, -3.450794077163200392e-03, 1.800438155900948092e-03, -1.280735058921464789e-03, -2.152480430858319960e-03, 3.878309790852829328e-03, -3.314685447738537592e-03, -9.42556648314280e-02
-3.842126052697996536e-04, -2.484995435036081203e-03, -6.962899213741498283e-04, -1.317809989744620543e-03, 3.652406725099432289e-03, -8.202273202614360562e-04, 4.728620666804824249e-03, 4.016890582472348523e-03, -6.734588786779446834e-04, -1.654450249538533951e-03, -2.165570702458925138e-03, 2.097474581938269488e-03, 3.599034725225085801e-03, 1.631569194630519415e-04, 3.163057074589312526e-03, 2.139976215189545901e-03, -7.454005320997741935e-04, -3.923266927164081527e-03, -2.842775421643200899e-03, 4.977075186654520908e-03, -2.087101211255711335e-03, -2.392494168786515364e-03, 3.203764680243135696e-03, 4.053937450708963719e-03, 4.043392938860853464e-03, -6.068505992990894451e-04, -3.372440201096914714e-03, -2.042786322567538213e-03, 3.305342255517637606e-03, 1.806263694417405315e-03, 4.363332127117904025e-03, 4.899713591507249416e-03, -1.481510397345561520e-03, -1.839200457427916328e-03, -2.662833517119873265e-03, -4.373276911364505290e-03, -2.161014471706236735e-03, -4.760385133557846864e-03,  3.92308897960540e-02
1.337215142993943180e-03, 4.724191600183688319e-03, 2.857177403315803305e-03, 1.567022230659177034e-03, -4.327539220405600059e-03, 4.416858746992779333e-03, 1.388300094995595889e-03, -1.414766568634691010e-03, -1.336300045081376901e-03, 4.938406523179152130e-03, -1.412423105659248168e-03, -1.590065830699779244e-03, 3.633909010203930853e-03, 3.833108387015837781e-03, -4.112219802842534931e-03, 2.592439145757607574e-04, 2.015443219221489494e-03, 2.084338345618773868e-03, 4.412186278514980409e-03, 3.124885295918365322e-03, 6.837870954249153019e-04, 3.765973461481681578e-03, -1.510387261925503610e-03, -3.814210109877333530e-03, 3.959946647905472975e-03, -4.405321021889489590e-03, -1.084232148268598865e-03, 3.394105405105062034e-04, -6.422233205820191901e-04, 1.167402099353512940e-03, -3.080136984495013101e-03, -2.107861487148938746e-03, -4.159486329196503823e-03, -1.754914692490002186e-03, 7.198494932666478496e-04, -3.193439480641513742e-03, -2.032168315097906963e-04, -1.253022144158470654e-03, -6.05104722602765e-02
-2.215328314946610807e-03, -2.181763041963683588e-03, 3.250321994327827133e-03, -3.279496319883669700e-03, -4.821274533902485115e-03, -2.145095911367437321e-03, 1.626583050821012351e-03, -2.948314424675308864e-03, 4.443664676582826170e-04, -5.419578223163704078e-05, -4.664805822633507487e-03, 1.172961038614384402e-03, -4.083627586966073232e-03, -4.536859026918853288e-04, 6.830730364558159837e-04, 3.581069434477526098e-03, 1.871821631547225182e-04, -2.866027816506384364e-03, -6.268879068602054364e-04, 3.656812386110453242e-03, -1.293845773561630181e-03, 3.589100225843470243e-03, 2.970959646247011213e-03, -3.386204219580963952e-03, -1.604063225488708191e-03, 3.249644906232161679e-04, -6.170941047460142687e-04, 2.464709223493128341e-03, 2.478283001075285222e-04, -3.112487877376689683e-03, -1.733712226917300155e-03, 1.305891895670075430e-03, 2.422749562147238564e-03, 4.350256813065823264e-03, -2.468342937593515952e-03, -4.567377942795514470e-03, -3.524656937000126937e-03, -2.663200670357223840e-03,  2.19873933429282e-01
4.961521574251268052e-03, 1.407059940750616731e-03, 3.361532855812057047e-03, 3.646464956259721016e-03, -3.920600695271998608e-03, 3.208857346997657026e-03, -6.923043058637366048e-04, 2.870976076671468563e-03, -2.853595666720929337e-03, 2.184717368140756677e-03, -5.588294354062590605e-04, 4.539438989591339235e-03, 3.878807815679313764e-03, -4.745966416777884674e-03, -2.315480900877443359e-03, -3.260424860179671029e-03, -1.317991402164161909e-03, -3.317717039205561082e-03, 1.602976450539666219e-03, 3.265972690928641356e-03, -1.169651381700899904e-03, 1.848108023487856841e-03, -1.656329429440112598e-03, 4.176183282700767288e-04, 2.423999883212357015e-03, 1.838573050933900790e-03, 7.879356191970374179e-04, -2.883495061941142128e-03, 3.915528916932219106e-03, 1.590286339866344052e-03, 3.980638758450432552e-03, -4.204499921555856362e-03, -2.806224531348664245e-03, -9.934710803901824691e-04, 3.193921257982047790e-03, -4.248003122292073365e-03, -4.002217922988366913e-03, 7.415181881931624808e-04,  2.33255629032412e-01
4.667085966460413071e-04, 4.153249041417825249e-03, -5.267974670713319874e-04, -3.142447545368148246e-03, 9.520667963160093367e-04, 4.853421584592388510e-03, 4.794243124672916204e-03, 1.523162819743121253e-03, 2.040550124835486916e-03, 8.420642068031622754e-04, 3.791086021836498690e-03, 3.894862605516911588e-03, -1.324408087349046841e-03, 1.339908604821317059e-03, -4.002407218850009656e-03, 1.090869475038871474e-03, -1.813410938104192960e-03, 3.020020950764954609e-03, -2.024542627622716220e-03, 1.749979666807057084e-03, 2.349462634213442258e-03, 2.217766135743623294e-03, 4.588692278725122961e-03, -1.829189968190651078e-03, -9.925410411382737733e-04, 3.876348938811439993e-03, 4.905279215481939820e-03, 4.782472278269309790e-03, 1.073968960122187281e-03, 9.808752943746088665e-04, 3.408251885592706101e-03, -2.255402919141349938e-03, 4.675804822994464663e-03, -4.590090409815536336e-03, -9.552535057929575218e-04, 1.082404438371409837e-03, -4.167694950297451406e-03, 3.312036348608616773e-03, -5.13517459417764e-01
-1.447212018040860276e-03, 3.101007641019075736e-03, 4.024929649630529932e-04, -3.268420755730765473e-03, 3.792315951188491782e-03, 4.234818619100778891e-04, 3.241882360501312579e-04, -6.591885087308766572e-04, -4.706957723120228955e-03, -3.214714389206344697e-04, -1.490549068586056840e-03, -1.086985505479770402e-03, -7.600457724807390888e-04, -2.944282310638977537e-03, 4.190793393078234841e-03, -4.719230013253125633e-03, -9.966412226782477360e-04, -3.068683127204222851e-03, 4.435624370047314829e-03, 2.943060661019056279e-03, -4.882933842482225367e-03, -3.376811772502615657e-03, 3.232905933126762818e-03, -2.589873539497794443e-03, -1.806923445505577083e-03, 1.273843620526592980e-03, -2.746486639425157160e-03, 4.802624549403109941e-03, -1.887667667250876504e-03, 4.486475215667168337e-03, 2.664257044344671768e-03, 2.195864956788702582e-03, 1.930625421422509785e-03, 2.473130758579133136e-03, -2.548884761121985275e-03, -2.608722875223708128e-03, -4.628599622276272779e-03, 7.206999850946967795e-05, -5.57796439276124e-01
9.560981971359211462e-04, 4.882410720543121918e-03, 3.532589219851096571e-03, 1.641506331352527055e-03, -4.383055476753367971e-03, 2.959822820518719783e-03, 1.328268367764930992e-03, -2.929410880774521372e-04, 7.880769675600429042e-04, -8.952789362248296523e-04, -1.676403209514524574e-03, -2.894975745908970159e-03, 6.960061645772813721e-05, 3.452248019495309656e-04, -2.873614687017907871e-03, -2.711500499007132858e-04, -6.758989602986091583e-04, -2.086223215023333237e-03, 3.015647939563327953e-04, 3.690777903814942279e-03, 3.554886747131181732e-03, 4.932017532001130994e-03, 7.836251905811233986e-04, -4.643194284586199885e-03, -8.567371756646128406e-04, 3.203783073241995780e-03, -1.758225010349920552e-03, -2.637991428084664192e-03, -4.462723933155055868e-03, -1.634204615867877741e-03, -3.907037149536953489e-03, 4.900286017188101861e-03, -4.713022744494600388e-03, -3.133675474508091502e-03, 2.197007249960179244e-03, 2.892206245075480339e-03, -1.318874699729731016e-03, 1.761890759085940270e-03,  3.05484539360845e-01
3.797538842244421384e-03, -3.146289797331212369e-03, 4.382099535704024953e-03, -4.190286013239317292e-03, 1.146055734168249622e-03, -1.558961723718495056e-03, 5.098409102883630362e-04, -4.887082930064593975e-04, -3.677905873213377884e-03, -1.682327021708450963e-03, 4.266468378808212919e-04, -3.652700578334583826e-03, -1.988299232355077682e-03, -4.272477702378422136e-03, -4.097320673149922737e-03, 1.606799472633966587e-03, 2.184081417750179978e-03, 2.725220145657057148e-03, 1.368838113989783584e-05, 1.854379689162754391e-04, 2.450321006351133257e-03, -4.338216890346866320e-03, 4.965605653413708229e-03, 3.491687350127803749e-03, -1.848745171518536949e-03, 1.112338752590666911e-03, -2.499913554773044652e-04, -2.092634219706292990e-03, -1.564876276514340706e-03, -4.605811151300739752e-03, -3.135864111600387277e-03, -7.802953960969003649e-04, 4.005009582975132057e-04, 1.282717858595654702e-03, -4.321713958847173132e-03, 2.536194262245886760e-04, -2.492204469262858206e-03, 4.646209868574075613e-03,  3.08998581719509e-01
2.659537339272618692e-03, 2.356910803473113818e-03, 3.313344324581893666e-03, -2.833218175664216007e-03, 3.617613427200877529e-03, 2.158434768591172351e-03, -3.308005560604899021e-03, 1.885441681838163908e-03, -9.179112454769360746e-04, -7.804373395639179270e-04, -2.224576947545094715e-03, 2.796301709192631005e-03, 1.134106240461658574e-03, -2.557128079918289960e-03, -3.750043559116026694e-03, 1.983946799634146545e-03, 4.390535057589493168e-03, 2.375522999629539438e-03, -2.370983205795883491e-03, 3.044290337492035897e-03, 3.533714451935522291e-03, -4.130258475613060587e-03, -7.669195134540427589e-04, 3.881262497059626004e-03, -3.056279097022278086e-03, -2.954960142637510275e-03, -2.265538595881706925e-03, -3.448927408350884426e-03, 1.890880099430486579e-03, 4.434097374312469600e-03, 4.027553017869998572e-03, -2.965138536963818437e-03, 2.116886622991751184e-03, -4.546497525983219691e-03, 2.539255169940262194e-03, 4.100084974163181045e-04, 4.130554777154881937e-03, -1.565611182740175595e-03,  1.91989192889032e-01
1.139174102353071073e-03, 2.446064535536231210e-03, -4.215265448919100835e-03, 2.552591708104414402e-03, 3.984325378395150649e-03, -1.259214796110916593e-03, -4.116276892393363508e-03, -9.384951831192655386e-04, -2.469410586693136789e-03, 7.197337562088569965e-04, 7.680318278856269887e-04, -2.968502933288645184e-03, 2.373639044372586639e-03, -3.900803224534037626e-03, 9.203860534123201737e-04, -2.414424776412712418e-03, -1.825657263970063317e-03, 2.318665950796505032e-03, -2.398423120500522542e-03, -3.323546636555783917e-03, -9.785574331767675840e-04, -1.479971159536801369e-03, -3.848138535027135522e-03, -3.104645283960794609e-03, 6.978585206280267864e-04, -3.460799825274651215e-03, -9.491953748644648900e-04, -2.504380405877974086e-04, -3.258389503650560917e-03, -1.161011983669317862e-03, -2.963642351516123773e-03, 1.638931244887786853e-04, 7.036945695949679142e-04, 4.994981819627484707e-03, -1.834142171491487221e-03, 4.246395762603445700e-03, -1.534923304221134932e-03, 2.111377905765039580e-03, -3.07318771632645e-01
